# D = 1, E = 1, I = 1, P = 0, R = -1, n = 500, N = 1, P = 0, w = 1, a = 0.1, b = 1000, e = 1, f = 1, g = 10, h = 0.1, r = 1630045790, s = 1, S = 0, x = 10, m = 0, Z = 1, z = 0, T = 1, t = 1
# 703628 tokens in 50000 sentences
#
# It	Temp	Time	-logP	tables	same	changed	reject	default_pya	(parent pym pyn pya pyb)*
0	1	18.4654	2.69288e+06	436181	0	50000	0	0.1 PrefixMorph 49739 49739 0.1 1000 Stem 50000 50000 0.1 1000 Suffix 50000 50000 0.1 1000 Prefix 50000 50000 0.1 1000 SubMorph 156165 156165 0.1 1000 SuffixMorph 80277 80277 0.1 1000
10	1	1111.47	1.30767e+06	29657	750	49250	0	0.1 PrefixMorph 2567 8826 0.387895 396.113 Stem 8358 50000 0.0781971 2252.51 Suffix 6672 50000 0.163412 1282.54 Prefix 8393 50000 0.24007 1385.22 SubMorph 1540 15303 0.00267405 410.51 SuffixMorph 2127 7188 0.441493 279.875
20	1	1481.92	1.25357e+06	23713	1024	48976	0	0.1 PrefixMorph 1709 7604 0.350736 217.355 Stem 7428 50000 0.0983095 1787.62 Suffix 5113 50000 0.163579 872.82 Prefix 7004 50000 0.309891 793.405 SubMorph 1083 14079 0.0114681 254.478 SuffixMorph 1376 5470 0.457142 140.149
30	1	1814.24	1.22492e+06	20750	1272	48728	0	0.1 PrefixMorph 1297 6983 0.286303 187.266 Stem 7056 50000 0.116385 1598.93 Suffix 4295 50000 0.138057 711.179 Prefix 6323 50000 0.312313 637.117 SubMorph 904 13699 0.00239828 204.548 SuffixMorph 875 4577 0.327333 127.007
40	1	2127.48	1.20427e+06	18624	1581	48419	0	0.1 PrefixMorph 893 6296 0.119116 201.285 Stem 6856 50000 0.112164 1571.65 Suffix 3836 50000 0.114383 675.21 Prefix 5555 50000 0.319505 508.854 SubMorph 832 13494 0.00754067 172.017 SuffixMorph 652 4098 0.271645 88.1949
50	1	2425.67	1.187e+06	17464	1883	48117	2	0.1 PrefixMorph 690 5913 0.0950296 143.945 Stem 6835 50000 0.133213 1441.04 Suffix 3529 50000 0.122233 590.893 Prefix 5109 50000 0.327699 420.024 SubMorph 763 13494 0.0196293 162.897 SuffixMorph 538 3839 0.0497499 141.529
60	1	2716.32	1.17084e+06	16630	2142	47858	0	0.1 PrefixMorph 636 5680 0.013292 177.693 Stem 6734 50000 0.128006 1400.58 Suffix 3212 50000 0.133566 495.561 Prefix 4813 50000 0.32599 402.768 SubMorph 736 13357 0.000462736 163.228 SuffixMorph 499 3562 0.209627 72.9497
70	1	2993.74	1.15864e+06	15652	2555	47445	0	0.1 PrefixMorph 644 5542 0.0416674 152.699 Stem 6569 50000 0.11902 1434.45 Suffix 2798 50000 0.0937685 488.089 Prefix 4531 50000 0.358074 272.421 SubMorph 735 13103 0.0111139 149.285 SuffixMorph 375 3211 0.14992 64.1892
80	1	3266.33	1.14992e+06	15223	2709	47291	0	0.1 PrefixMorph 579 5378 0.00998354 154.415 Stem 6538 50000 0.120227 1422.76 Suffix 2684 50000 0.111327 411.518 Prefix 4354 50000 0.324997 327.174 SubMorph 721 13075 0.000177587 152.139 SuffixMorph 347 3144 0.0829119 74.3749
90	1	3532.75	1.14141e+06	14946	2916	47084	2	0.1 PrefixMorph 563 5062 0.118546 111.082 Stem 6510 50000 0.137261 1356.6 Suffix 2698 50000 0.156412 345.978 Prefix 4085 50000 0.345053 264.39 SubMorph 728 13111 0.0103587 147.445 SuffixMorph 362 3128 0.113423 77.0792
100	1	3797.55	1.13474e+06	14662	3142	46858	1	0.1 PrefixMorph 505 5128 0.0123121 129.111 Stem 6431 50000 0.130876 1338.11 Suffix 2532 50000 0.118639 380.624 Prefix 4146 50000 0.370091 241.01 SubMorph 709 13008 0.0176809 140.69 SuffixMorph 339 2954 0.0765571 80.2778
110	1	4064.19	1.13445e+06	14671	3148	46852	0	0.1 PrefixMorph 550 5099 0.0169477 147.358 Stem 6404 50000 0.138483 1318.04 Suffix 2575 50000 0.13911 340.883 Prefix 4122 50000 0.363788 231.671 SubMorph 694 13019 0.00400518 166.219 SuffixMorph 326 3033 0.159797 56.3764
120	1	4328.78	1.12747e+06	14349	3260	46740	0	0.1 PrefixMorph 494 5170 0.0532007 109.61 Stem 6330 50000 0.127016 1303.46 Suffix 2428 50000 0.125042 336.928 Prefix 4112 50000 0.368476 213.921 SubMorph 688 12893 0.00567513 145.531 SuffixMorph 297 2893 0.0496671 77.0077
130	1	4592.68	1.12294e+06	14474	3514	46486	0	0.1 PrefixMorph 526 5200 0.0140426 138.985 Stem 6271 50000 0.134085 1254.19 Suffix 2475 50000 0.177854 280.037 Prefix 4206 50000 0.381032 225.14 SubMorph 670 12865 0.0277871 130.426 SuffixMorph 326 2927 0.107768 60.6781
140	1	4854.25	1.1188e+06	14325	3848	46152	0	0.1 PrefixMorph 532 5261 0.0135395 125.374 Stem 6234 50000 0.128721 1279.91 Suffix 2353 50000 0.124043 321.622 Prefix 4251 50000 0.401301 199.239 SubMorph 665 12842 0.00263569 131.105 SuffixMorph 290 2769 0.0895306 60.7335
150	1	5118.39	1.11795e+06	14471	3950	46050	2	0.1 PrefixMorph 599 5311 0.0894698 128.012 Stem 6260 50000 0.124073 1312.15 Suffix 2414 50000 0.160067 301.36 Prefix 4277 50000 0.405241 210.509 SubMorph 640 12869 0.00105378 130.629 SuffixMorph 281 2874 0.0702371 61.953
160	1	5382.63	1.11286e+06	14400	4232	45768	0	0.1 PrefixMorph 613 5266 0.000866241 186.634 Stem 6301 50000 0.109646 1346.64 Suffix 2271 50000 0.170715 252.015 Prefix 4223 50000 0.420946 171.085 SubMorph 657 12895 0.0088591 145.176 SuffixMorph 335 2720 0.273112 35.9086
170	1	5646.1	1.10885e+06	14198	4459	45541	0	0.1 PrefixMorph 556 5242 0.0195425 142.795 Stem 6220 50000 0.098993 1403.03 Suffix 2367 50000 0.175957 263.079 Prefix 4123 50000 0.412288 179.169 SubMorph 648 12759 0.00120567 133.272 SuffixMorph 284 2828 0.0837229 61.5309
180	1	5907.68	1.10703e+06	14151	4613	45387	1	0.1 PrefixMorph 559 5284 0.0525735 131.724 Stem 6180 50000 0.100735 1367.37 Suffix 2231 50000 0.186526 243.92 Prefix 4258 50000 0.421609 170.19 SubMorph 649 12725 0.000682297 130.765 SuffixMorph 274 2716 0.0162753 74.5925
190	1	6170.83	1.1045e+06	14283	4696	45304	0	0.1 PrefixMorph 570 5278 0.0502256 136.29 Stem 6274 50000 0.141081 1231.12 Suffix 2274 50000 0.216913 213.212 Prefix 4243 50000 0.403659 188.069 SubMorph 657 12945 0.00256017 137.565 SuffixMorph 265 2728 0.0690339 63.4618
200	1	6434.31	1.0997e+06	13936	4796	45204	0	0.1 PrefixMorph 489 5062 0.00807402 131.2 Stem 6253 50000 0.1158 1288.13 Suffix 2189 50000 0.213511 191.444 Prefix 4081 50000 0.402232 142.34 SubMorph 631 12874 0.0126658 132.198 SuffixMorph 293 2655 0.0690061 72.9116
210	1	6694.81	1.10306e+06	14037	4791	45209	0	0.1 PrefixMorph 480 5080 0.0259034 112.867 Stem 6238 50000 0.139736 1252.03 Suffix 2231 50000 0.191605 232.521 Prefix 4109 50000 0.401424 211.544 SubMorph 651 12837 0.0117418 133.431 SuffixMorph 328 2702 0.0908115 70.2304
220	1	6958.43	1.10275e+06	14153	4656	45344	1	0.1 PrefixMorph 492 5170 0.103236 100.212 Stem 6270 50000 0.168532 1177.35 Suffix 2311 50000 0.194143 250.135 Prefix 4155 50000 0.415118 162.396 SubMorph 629 12886 0.0101529 134.694 SuffixMorph 296 2767 0.0363889 66.5044
230	1	7217.78	1.09852e+06	13764	4791	45209	0	0.1 PrefixMorph 444 4874 0.018136 111.144 Stem 6296 50000 0.131723 1299.64 Suffix 2259 50000 0.211589 208.099 Prefix 3824 50000 0.400967 169.239 SubMorph 614 12980 0.00415751 135.974 SuffixMorph 327 2740 0.0965195 78.2675
240	1	7475	1.09757e+06	13936	4811	45189	0	0.1 PrefixMorph 487 5085 0.0249647 127.746 Stem 6334 50000 0.139915 1276.4 Suffix 2215 50000 0.225962 177.668 Prefix 3985 50000 0.400778 177.806 SubMorph 617 13014 0.00135114 137.899 SuffixMorph 298 2722 0.000894792 87.8121
250	1	7732.38	1.09462e+06	13844	4833	45167	0	0.1 PrefixMorph 463 5056 0.0190357 111.255 Stem 6309 50000 0.131716 1277.62 Suffix 2097 50000 0.213216 180.03 Prefix 4025 50000 0.421036 149.876 SubMorph 628 12971 0.00362028 142.606 SuffixMorph 322 2610 0.128175 64.5593
260	1	7990.85	1.09686e+06	13638	4917	45083	0	0.1 PrefixMorph 437 5050 0.0151339 107.961 Stem 6240 50000 0.123928 1307.81 Suffix 2037 50000 0.18557 207.361 Prefix 3994 50000 0.409073 176.179 SubMorph 645 12917 0.000102227 130.396 SuffixMorph 285 2512 0.034712 68.4211
270	1	8247.99	1.09643e+06	13866	5051	44949	0	0.1 PrefixMorph 439 5263 0.00668271 108.799 Stem 6318 50000 0.129331 1325.35 Suffix 2016 50000 0.179227 193.544 Prefix 4201 50000 0.436684 165.279 SubMorph 616 13038 0.00668865 115.646 SuffixMorph 276 2486 0.0261277 78.3765
280	1	8506.03	1.09533e+06	14027	5187	44813	0	0.1 PrefixMorph 477 5392 0.0320456 109.504 Stem 6277 50000 0.115465 1278.42 Suffix 2018 50000 0.197663 191.595 Prefix 4357 50000 0.426042 173.348 SubMorph 627 12966 0.0143344 119.412 SuffixMorph 271 2510 0.073218 54.7287
290	1	8764.91	1.09113e+06	13979	5350	44650	1	0.1 PrefixMorph 475 5356 0.0552693 111.509 Stem 6229 50000 0.133677 1227.52 Suffix 2090 50000 0.232688 179.588 Prefix 4298 50000 0.411556 182.293 SubMorph 634 12906 0.000971141 132.979 SuffixMorph 253 2636 0.00562742 60.8082
300	1	9022.08	1.09035e+06	14025	5509	44491	0	0.1 PrefixMorph 491 5363 0.00791552 120.287 Stem 6239 50000 0.124905 1323.72 Suffix 2114 50000 0.227725 176.313 Prefix 4266 50000 0.451701 124.202 SubMorph 634 12925 0.00690251 133.643 SuffixMorph 281 2623 0.106197 49.87
310	1	9277.44	1.08674e+06	13766	5600	44400	0	0.1 PrefixMorph 482 5098 0.000506903 123.512 Stem 6232 50000 0.110009 1389.87 Suffix 2083 50000 0.217143 187.027 Prefix 4086 50000 0.434476 140.114 SubMorph 614 13017 0.0290138 130.559 SuffixMorph 269 2629 0.0163332 69.559
320	1	9535.11	1.08265e+06	13688	5883	44117	2	0.1 PrefixMorph 445 5221 0.00358589 105.236 Stem 6258 50000 0.113453 1321.38 Suffix 2027 50000 0.170882 229.768 Prefix 4066 50000 0.439229 146.881 SubMorph 617 12947 0.000994789 125.301 SuffixMorph 275 2541 0.121882 47.4307
330	1	9790.26	1.08097e+06	13763	5879	44121	0	0.1 PrefixMorph 442 5298 0.0143306 103.749 Stem 6235 50000 0.129906 1244.39 Suffix 2062 50000 0.214838 177.751 Prefix 4178 50000 0.471366 120.442 SubMorph 586 12945 0.0109285 110.656 SuffixMorph 260 2578 0.0113051 65.4105
340	1	10046.3	1.08014e+06	13767	5874	44126	1	0.1 PrefixMorph 429 5288 0.00228417 98.9497 Stem 6246 50000 0.132378 1255.81 Suffix 2021 50000 0.235656 165.214 Prefix 4232 50000 0.469493 118.758 SubMorph 591 12925 0.00584082 116.55 SuffixMorph 248 2539 0.0578428 52.2938
350	1	10304.1	1.07726e+06	13838	6175	43825	0	0.1 PrefixMorph 426 5279 0.0259619 105.463 Stem 6174 50000 0.0750691 1449.95 Suffix 2101 50000 0.236164 173.352 Prefix 4264 50000 0.483353 97.8492 SubMorph 610 12884 0.0118229 118.014 SuffixMorph 263 2558 0.125021 47.121
360	1	10561	1.0783e+06	13661	6206	43794	1	0.1 PrefixMorph 410 4886 0.0165894 98.4926 Stem 6277 50000 0.128277 1272.04 Suffix 2120 50000 0.246951 152.896 Prefix 3950 50000 0.439991 136.338 SubMorph 609 13100 0.0194816 128.916 SuffixMorph 295 2568 0.0572029 64.2952
370	1	10816.4	1.07635e+06	13680	6323	43677	0	0.1 PrefixMorph 420 5275 0.0101871 89.1282 Stem 6173 50000 0.108179 1307.08 Suffix 2092 50000 0.239118 168.183 Prefix 4147 50000 0.463372 116.982 SubMorph 586 12916 0.00464946 126.753 SuffixMorph 262 2584 0.0740485 50.6706
380	1	11072.2	1.07486e+06	13844	6246	43754	0	0.1 PrefixMorph 389 5333 0.0375403 84.6191 Stem 6231 50000 0.0852687 1441.46 Suffix 2055 50000 0.223826 162.534 Prefix 4318 50000 0.501959 85.1014 SubMorph 610 13017 0.00677853 130.105 SuffixMorph 241 2516 0.062778 52.9155
390	1	11331.1	1.0741e+06	13942	6369	43631	0	0.1 PrefixMorph 410 5426 0.0953436 78.5044 Stem 6240 50000 0.132044 1234.47 Suffix 2010 50000 0.233111 150.33 Prefix 4425 50000 0.47636 116.754 SubMorph 613 12978 0.000970431 123.824 SuffixMorph 244 2484 0.0415178 69.67
400	1	11587.5	1.07122e+06	13386	6485	43515	0	0.1 PrefixMorph 404 5131 0.0243632 85.9984 Stem 6184 50000 0.141067 1210.64 Suffix 1870 50000 0.222552 144.911 Prefix 4053 50000 0.461032 100.985 SubMorph 620 12978 0.00873301 125.742 SuffixMorph 255 2341 0.14448 42.8121
410	1	11842.9	1.07324e+06	13688	6720	43280	0	0.1 PrefixMorph 429 5222 0.0061603 98.2137 Stem 6119 50000 0.139616 1169.52 Suffix 1991 50000 0.211146 195.086 Prefix 4247 50000 0.482831 113.787 SubMorph 608 12829 0.00042183 127.225 SuffixMorph 294 2457 0.0557296 67.8148
420	1	12099.1	1.07618e+06	13591	6420	43580	0	0.1 PrefixMorph 416 5289 0.0416931 94.4268 Stem 6197 50000 0.0997704 1393.39 Suffix 1960 50000 0.179792 190.124 Prefix 4165 50000 0.47419 111.372 SubMorph 596 12961 0.00441114 125.485 SuffixMorph 257 2466 0.0203409 63.7107
430	1	12354.4	1.07838e+06	13495	6091	43909	1	0.1 PrefixMorph 453 5237 0.0262334 100.305 Stem 6113 50000 0.102017 1338.38 Suffix 1996 50000 0.227578 148.606 Prefix 4108 50000 0.478095 102.792 SubMorph 593 12859 0.00239661 124.691 SuffixMorph 232 2466 0.0163214 60.0802
440	1	12609.1	1.07783e+06	13599	6223	43777	0	0.1 PrefixMorph 448 5401 0.0581973 100.37 Stem 6176 50000 0.113644 1316.32 Suffix 1795 50000 0.190464 181.218 Prefix 4353 50000 0.466919 129.671 SubMorph 589 12872 0.00237865 123.749 SuffixMorph 238 2288 0.0524379 57.9058
450	1	12864.2	1.07532e+06	13487	6486	43514	0	0.1 PrefixMorph 420 5095 0.0155535 97.2707 Stem 6187 50000 0.119078 1282.48 Suffix 1909 50000 0.21809 165.208 Prefix 4132 50000 0.447066 143.853 SubMorph 602 12973 0.0180374 122.386 SuffixMorph 237 2409 0.0920062 47.9399
460	1	13118	1.07355e+06	13515	6563	43437	1	0.1 PrefixMorph 398 5296 0.0065296 100.333 Stem 6260 50000 0.11638 1385.48 Suffix 1871 50000 0.22705 144.309 Prefix 4151 50000 0.468274 111.765 SubMorph 605 13026 0.000574169 124.26 SuffixMorph 230 2337 0.0397669 56.902
470	1	13372.1	1.07405e+06	13549	6425	43575	0	0.1 PrefixMorph 435 5213 0.0243258 92.6443 Stem 6159 50000 0.116683 1281.6 Suffix 1990 50000 0.232877 145.019 Prefix 4090 50000 0.460551 128.973 SubMorph 598 12893 0.0019986 124.256 SuffixMorph 277 2494 0.0585605 60.0318
480	1	13623.8	1.07505e+06	13428	6235	43765	0	0.1 PrefixMorph 420 5203 0.00441414 100.887 Stem 6142 50000 0.117589 1336.09 Suffix 1950 50000 0.197738 186.167 Prefix 4059 50000 0.458319 118.161 SubMorph 606 12833 0.00473331 123.597 SuffixMorph 251 2492 0.106594 41.8453
490	1	13875.1	1.07474e+06	13343	6490	43510	0	0.1 PrefixMorph 429 5093 0.00991738 104.269 Stem 6179 50000 0.127365 1237.39 Suffix 1926 50000 0.195448 180.114 Prefix 3957 50000 0.433006 148.355 SubMorph 584 12913 0.00815683 135.8 SuffixMorph 268 2457 0.032018 64.2141
500	1	14127.7	1.07227e+06	13434	6633	43367	0	0.1 PrefixMorph 406 5077 0.0307476 96.416 Stem 6316 50000 0.148678 1198.64 Suffix 1829 50000 0.17069 191.756 Prefix 4061 50000 0.446777 128.5 SubMorph 574 13130 0.0128665 108.413 SuffixMorph 248 2357 0.0850885 53.5687
