# D = 1, E = 1, I = 1, P = 0, R = -1, n = 500, N = 1, P = 0, w = 1, a = 0.1, b = 1000, e = 1, f = 1, g = 10, h = 0.1, r = 1630045798, s = 1, S = 0, x = 10, m = 0, Z = 1, z = 0, T = 1, t = 1
# 703628 tokens in 50000 sentences
#
# It	Temp	Time	-logP	tables	same	changed	reject	default_pya	(parent pym pyn pya pyb)*
0	1	18.5182	2.69585e+06	437059	0	50000	0	0.1 PrefixMorph 49587 49587 0.1 1000 Stem 50000 50000 0.1 1000 Suffix 50000 50000 0.1 1000 Prefix 50000 50000 0.1 1000 SubMorph 156851 156851 0.1 1000 SuffixMorph 80621 80621 0.1 1000
10	1	1096.84	1.30813e+06	29987	762	49238	0	0.1 PrefixMorph 2346 9284 0.382181 311.602 Stem 8456 50000 0.0943612 2225.62 Suffix 6753 50000 0.178855 1218.24 Prefix 8982 50000 0.25817 1493.71 SubMorph 1551 15284 0.00519966 408.563 SuffixMorph 1899 7327 0.407904 260.965
20	1	1464.61	1.25362e+06	23173	1066	48934	0	0.1 PrefixMorph 1588 7467 0.341866 208.824 Stem 7276 50000 0.0745692 1866.7 Suffix 5068 50000 0.151881 881.048 Prefix 6931 50000 0.26629 924.092 SubMorph 1049 13889 0.00110035 246.991 SuffixMorph 1261 5502 0.41716 128.357
30	1	1790.79	1.22525e+06	20201	1372	48628	0	0.1 PrefixMorph 1177 6760 0.230279 196.353 Stem 7031 50000 0.0895906 1735.33 Suffix 4247 50000 0.115099 760.222 Prefix 6038 50000 0.294712 622.592 SubMorph 929 13650 0.00295721 212.412 SuffixMorph 779 4676 0.319802 78.5596
40	1	2095.91	1.20091e+06	18253	1717	48283	2	0.1 PrefixMorph 925 6315 0.109009 220.389 Stem 6839 50000 0.120013 1455.27 Suffix 3648 50000 0.135201 590.275 Prefix 5422 50000 0.317178 508.771 SubMorph 845 13419 0.00516091 187.032 SuffixMorph 574 4050 0.263177 75.99
50	1	2383.94	1.18463e+06	16851	1929	48071	1	0.1 PrefixMorph 783 5930 0.0867989 174.995 Stem 6637 50000 0.130797 1378.7 Suffix 3253 50000 0.124998 513.851 Prefix 4899 50000 0.32404 387.33 SubMorph 790 13096 0.00227112 178.762 SuffixMorph 489 3699 0.152891 103.64
60	1	2663.72	1.17305e+06	16363	2181	47819	0	0.1 PrefixMorph 703 5651 0.0191805 180.149 Stem 6731 50000 0.14801 1363.98 Suffix 3095 50000 0.109111 516.133 Prefix 4632 50000 0.338873 348.674 SubMorph 762 13296 0.000704282 169.506 SuffixMorph 440 3547 0.176678 69.1857
70	1	2939.41	1.15975e+06	15796	2506	47494	0	0.1 PrefixMorph 604 5375 0.0202036 162.927 Stem 6677 50000 0.141811 1358.81 Suffix 2996 50000 0.127199 465.2 Prefix 4384 50000 0.33529 311.374 SubMorph 743 13246 0.00493979 159.628 SuffixMorph 392 3458 0.11902 78.6962
80	1	3210.58	1.15412e+06	15604	2632	47368	0	0.1 PrefixMorph 581 5536 0.0106457 148.699 Stem 6573 50000 0.142081 1296.24 Suffix 2807 50000 0.101354 447.093 Prefix 4515 50000 0.357868 308.374 SubMorph 726 13071 0.00552949 161.513 SuffixMorph 402 3296 0.0606218 102.961
90	1	3482.6	1.1463e+06	15235	2826	47174	0	0.1 PrefixMorph 549 5397 0.00368035 151.828 Stem 6488 50000 0.13352 1285.27 Suffix 2710 50000 0.135576 369.06 Prefix 4416 50000 0.354194 264.153 SubMorph 716 12995 0.00352486 154.976 SuffixMorph 356 3149 0.0685126 89.063
100	1	3754.01	1.1404e+06	15077	3105	46895	0	0.1 PrefixMorph 533 5494 0.0196508 124.526 Stem 6488 50000 0.13516 1329.47 Suffix 2590 50000 0.105123 399.495 Prefix 4442 50000 0.364035 255.799 SubMorph 715 13028 0.0045084 153.17 SuffixMorph 309 3045 0.0376314 69.6219
110	1	4021.75	1.13644e+06	15041	3144	46856	0	0.1 PrefixMorph 536 5448 0.0245877 146.862 Stem 6485 50000 0.129665 1335.08 Suffix 2614 50000 0.131334 378.448 Prefix 4439 50000 0.381747 228.543 SubMorph 689 13023 0.0133614 144.875 SuffixMorph 278 3053 0.00580994 75.2676
120	1	4287.67	1.12827e+06	14830	3413	46587	0	0.1 PrefixMorph 512 5418 0.0205831 131.053 Stem 6352 50000 0.1533 1186.4 Suffix 2687 50000 0.174428 328.083 Prefix 4335 50000 0.397541 203.779 SubMorph 681 12855 0.00140974 138.738 SuffixMorph 263 3133 0.0296212 61.263
130	1	4551.69	1.12548e+06	14527	3462	46538	0	0.1 PrefixMorph 561 5418 0.0344422 135.921 Stem 6265 50000 0.111138 1364.58 Suffix 2511 50000 0.161192 313.256 Prefix 4243 50000 0.386347 213.899 SubMorph 682 12710 0.00774552 152.106 SuffixMorph 265 2915 0.0540086 60.0779
140	1	4813.46	1.12125e+06	14380	3566	46434	0	0.1 PrefixMorph 530 5408 0.0391883 128.259 Stem 6301 50000 0.124562 1287.35 Suffix 2409 50000 0.151828 302.661 Prefix 4199 50000 0.391375 194.671 SubMorph 694 12756 0.0181673 153.113 SuffixMorph 247 2814 0.100196 46.4687
150	1	5074.8	1.11512e+06	14326	3884	46116	1	0.1 PrefixMorph 509 5353 0.0210943 121.871 Stem 6379 50000 0.144695 1223.75 Suffix 2233 50000 0.121506 297.287 Prefix 4246 50000 0.408929 179.98 SubMorph 679 12896 0.0133279 141.317 SuffixMorph 280 2695 0.0211393 63.5983
160	1	5335.57	1.11338e+06	14226	3900	46100	1	0.1 PrefixMorph 538 5385 0.00377576 137.586 Stem 6283 50000 0.145635 1184.05 Suffix 2217 50000 0.17001 250.4 Prefix 4269 50000 0.408832 199.278 SubMorph 658 12802 0.00232271 139.702 SuffixMorph 261 2653 0.00455355 71.1456
170	1	5594.5	1.10834e+06	14103	4201	45799	0	0.1 PrefixMorph 520 5336 0.0736851 122.106 Stem 6217 50000 0.113523 1318.95 Suffix 2241 50000 0.170236 266.32 Prefix 4186 50000 0.428794 162.936 SubMorph 658 12725 0.00519672 139.049 SuffixMorph 281 2718 0.0454649 66.2635
180	1	5851.57	1.10653e+06	14106	4223	45777	0	0.1 PrefixMorph 486 5342 0.0363162 122.04 Stem 6314 50000 0.115919 1347.77 Suffix 2226 50000 0.209337 199.895 Prefix 4164 50000 0.419743 155.461 SubMorph 655 12870 0.00170348 137.699 SuffixMorph 261 2737 0.0178108 63.6281
190	1	6109.64	1.10565e+06	14292	4470	45530	0	0.1 PrefixMorph 474 5460 0.00237976 108.284 Stem 6325 50000 0.122404 1328.78 Suffix 2238 50000 0.195799 216.373 Prefix 4337 50000 0.448867 143.326 SubMorph 665 12949 0.000610831 154.186 SuffixMorph 253 2717 0.0340258 59.0744
200	1	6367.92	1.10264e+06	14165	4616	45384	0	0.1 PrefixMorph 502 5347 0.0112722 121.122 Stem 6228 50000 0.0890777 1396.79 Suffix 2335 50000 0.181011 256.546 Prefix 4197 50000 0.445631 164.255 SubMorph 641 12811 0.00223836 132.303 SuffixMorph 262 2809 0.0221023 56.4074
210	1	6628.51	1.09894e+06	14391	4727	45273	0	0.1 PrefixMorph 487 5495 0.00268873 121.58 Stem 6202 50000 0.131639 1268.98 Suffix 2427 50000 0.2251 214.957 Prefix 4372 50000 0.466604 143.323 SubMorph 646 12700 0.0224408 127.318 SuffixMorph 257 2896 0.0552844 55.0835
220	1	6887.86	1.095e+06	14294	5031	44969	2	0.1 PrefixMorph 487 5379 0.0343993 106.548 Stem 6270 50000 0.133427 1250.77 Suffix 2386 50000 0.227023 218.751 Prefix 4266 50000 0.461137 133.244 SubMorph 636 12816 0.00716456 138.541 SuffixMorph 249 2836 0.0845931 56.2014
230	1	7147.64	1.09375e+06	14244	4994	45006	0	0.1 PrefixMorph 495 5513 0.0280846 114.151 Stem 6188 50000 0.113146 1317.15 Suffix 2367 50000 0.241299 182.902 Prefix 4321 50000 0.463055 114.054 SubMorph 646 12672 0.00132858 131.538 SuffixMorph 227 2852 0.0376239 50.4621
240	1	7405.86	1.088e+06	13868	5500	44500	0	0.1 PrefixMorph 549 5258 0.0109796 137.786 Stem 6168 50000 0.107147 1317.02 Suffix 2206 50000 0.253096 169.594 Prefix 4089 50000 0.435763 144.705 SubMorph 618 12693 0.00707123 128.133 SuffixMorph 238 2689 0.0342626 52.5672
250	1	7664.93	1.08562e+06	13920	5769	44231	0	0.1 PrefixMorph 503 5168 0.0115301 128.518 Stem 6254 50000 0.14962 1214.82 Suffix 2139 50000 0.205815 212.593 Prefix 4157 50000 0.466673 121.105 SubMorph 627 12809 0.0114417 134.759 SuffixMorph 240 2655 0.0843078 39.5064
260	1	7922.16	1.08342e+06	13908	5853	44147	0	0.1 PrefixMorph 534 5403 0.00802086 130.78 Stem 6170 50000 0.120179 1303.98 Suffix 2074 50000 0.216868 198.87 Prefix 4290 50000 0.455889 126.265 SubMorph 626 12722 0.00118607 137.645 SuffixMorph 214 2601 0.0525802 40.1531
270	1	8179.22	1.08373e+06	14170	5825	44175	1	0.1 PrefixMorph 444 5714 0.00831316 107.199 Stem 6176 50000 0.141599 1181.1 Suffix 2095 50000 0.211745 184.215 Prefix 4597 50000 0.485208 96.5197 SubMorph 626 12687 0.00282333 137.76 SuffixMorph 232 2605 0.0657288 50.6237
280	1	8436.46	1.08437e+06	13921	5813	44187	1	0.1 PrefixMorph 464 5408 0.0186752 115.61 Stem 6270 50000 0.148712 1236.71 Suffix 2069 50000 0.216642 182.645 Prefix 4249 50000 0.480739 111.933 SubMorph 632 12800 0.00658391 141.454 SuffixMorph 237 2574 0.00144447 59.2241
290	1	8689.86	1.08426e+06	13876	5891	44109	0	0.1 PrefixMorph 484 5372 0.0504895 117.981 Stem 6271 50000 0.132576 1254.5 Suffix 2089 50000 0.209128 192.459 Prefix 4174 50000 0.465834 122.624 SubMorph 636 12770 0.00292038 133.246 SuffixMorph 222 2596 0.0284538 51.4224
300	1	8943.32	1.08388e+06	13862	6042	43958	0	0.1 PrefixMorph 524 5270 0.0295887 113.008 Stem 6172 50000 0.0991155 1382.03 Suffix 2210 50000 0.239058 171.974 Prefix 4118 50000 0.467103 116.778 SubMorph 631 12693 0.00762032 135.38 SuffixMorph 207 2693 0.00653775 45.3812
310	1	9195.9	1.07988e+06	13782	6278	43722	0	0.1 PrefixMorph 507 5344 0.0469357 114.25 Stem 6176 50000 0.123757 1267.69 Suffix 2078 50000 0.212076 176.22 Prefix 4162 50000 0.459617 118.832 SubMorph 626 12732 0.0285379 127.051 SuffixMorph 233 2586 0.109691 45.2421
320	1	9451.27	1.08236e+06	14074	6039	43961	1	0.1 PrefixMorph 515 5684 0.0449913 119.266 Stem 6168 50000 0.115182 1287.41 Suffix 2012 50000 0.175654 215.192 Prefix 4514 50000 0.502821 106.329 SubMorph 621 12625 0.0301391 114.789 SuffixMorph 244 2545 0.0803562 56.15
330	1	9704.88	1.08064e+06	13776	6332	43668	0	0.1 PrefixMorph 524 5395 0.00280781 139.07 Stem 6268 50000 0.1412 1217.5 Suffix 1965 50000 0.200996 188.219 Prefix 4167 50000 0.473206 106.319 SubMorph 620 12906 9.01281e-05 128.946 SuffixMorph 232 2447 0.144308 43.6117
340	1	9960.43	1.08148e+06	13945	6329	43671	0	0.1 PrefixMorph 532 5382 0.0202538 140.453 Stem 6109 50000 0.116179 1323.34 Suffix 2214 50000 0.225882 193.407 Prefix 4255 50000 0.463111 125.997 SubMorph 601 12686 1.20996e-05 127.841 SuffixMorph 234 2662 0.0366529 51.8288
350	1	10220.8	1.08339e+06	14158	6431	43569	0	0.1 PrefixMorph 530 5458 0.00454988 133.266 Stem 6154 50000 0.128881 1291.93 Suffix 2182 50000 0.231755 188.061 Prefix 4415 50000 0.467296 128.076 SubMorph 648 12711 0.00209155 134.519 SuffixMorph 229 2640 0.0876415 53.257
360	1	10480.5	1.07966e+06	13959	6529	43471	0	0.1 PrefixMorph 493 5458 0.0142544 124.281 Stem 6068 50000 0.138029 1209.66 Suffix 2191 50000 0.240921 177.003 Prefix 4367 50000 0.493862 121.364 SubMorph 636 12670 0.00338641 129.014 SuffixMorph 204 2665 0.00680346 41.3153
370	1	10738.1	1.07833e+06	14055	6485	43515	0	0.1 PrefixMorph 564 5319 0.00144095 157.603 Stem 6176 50000 0.121865 1213.92 Suffix 2225 50000 0.21392 202.648 Prefix 4254 50000 0.47776 99.9642 SubMorph 647 12756 0.00323735 140.604 SuffixMorph 189 2692 0.0229182 42.5797
380	1	10994.7	1.07817e+06	13981	6518	43482	0	0.1 PrefixMorph 578 5324 0.0380679 136.546 Stem 6159 50000 0.160406 1128.42 Suffix 2223 50000 0.220547 199.212 Prefix 4192 50000 0.478402 100.236 SubMorph 623 12819 0.000186112 124.688 SuffixMorph 206 2722 0.0220739 45.5672
390	1	11250.9	1.07479e+06	14063	6798	43202	3	0.1 PrefixMorph 533 5293 0.0411131 125.308 Stem 6251 50000 0.152381 1199.6 Suffix 2224 50000 0.253763 175.202 Prefix 4230 50000 0.484915 91.3683 SubMorph 607 12953 0.019799 129.147 SuffixMorph 218 2707 0.0617224 43.553
400	1	11512.6	1.07454e+06	14070	6982	43018	1	0.1 PrefixMorph 500 5333 0.00231784 131.944 Stem 6194 50000 0.141714 1239.61 Suffix 2107 50000 0.213027 186.307 Prefix 4438 50000 0.490455 88.4365 SubMorph 596 12913 0.016165 124.621 SuffixMorph 235 2543 0.0786293 53.6793
410	1	11773.3	1.07661e+06	14250	6818	43182	0	0.1 PrefixMorph 493 5497 0.00730323 129.673 Stem 6126 50000 0.111604 1260.97 Suffix 2321 50000 0.254267 181.434 Prefix 4447 50000 0.490871 115.711 SubMorph 605 12730 0.0100597 130.354 SuffixMorph 258 2743 0.00395277 64.7192
420	1	12034.4	1.07909e+06	14258	6513	43487	0	0.1 PrefixMorph 499 5550 0.0602156 105.065 Stem 6099 50000 0.106447 1335.7 Suffix 2246 50000 0.258391 156.966 Prefix 4575 50000 0.486903 101.633 SubMorph 600 12656 0.00319656 123.017 SuffixMorph 239 2731 0.0266862 61.8697
430	1	12298	1.07477e+06	14290	6855	43145	0	0.1 PrefixMorph 489 5633 0.0230963 118.935 Stem 6119 50000 0.138225 1201.33 Suffix 2190 50000 0.246431 171.953 Prefix 4665 50000 0.513142 105.083 SubMorph 588 12713 0.013146 124.481 SuffixMorph 239 2680 0.00634019 47.976
440	1	12562.5	1.07442e+06	14400	6950	43050	0	0.1 PrefixMorph 469 5781 0.0214193 119.432 Stem 6049 50000 0.098207 1362.87 Suffix 2138 50000 0.231888 172.189 Prefix 4883 50000 0.531527 85.7557 SubMorph 617 12653 0.00240003 132.807 SuffixMorph 244 2682 0.0179745 58.681
450	1	12824.4	1.07668e+06	14084	6828	43172	0	0.1 PrefixMorph 476 5557 0.00974619 121.349 Stem 6123 50000 0.112224 1322.97 Suffix 2062 50000 0.231169 160.585 Prefix 4632 50000 0.500534 108.98 SubMorph 599 12765 0.00159539 118.422 SuffixMorph 192 2630 0.0694773 38.9323
460	1	13084.7	1.07359e+06	14066	7003	42997	0	0.1 PrefixMorph 555 5511 0.0113 126.947 Stem 6042 50000 0.109802 1283.88 Suffix 1985 50000 0.214945 179.908 Prefix 4644 50000 0.519688 95.4511 SubMorph 635 12569 0.00286257 136.381 SuffixMorph 205 2527 0.0306097 48.8173
470	1	13348.5	1.07106e+06	13945	7292	42708	0	0.1 PrefixMorph 585 5453 0.0369792 142.679 Stem 6001 50000 0.0923962 1353.4 Suffix 1993 50000 0.228663 159.712 Prefix 4548 50000 0.521184 89.2743 SubMorph 613 12517 0.00810161 129.27 SuffixMorph 205 2548 0.000621449 45.8701
480	1	13611.2	1.07311e+06	14271	7295	42705	1	0.1 PrefixMorph 531 5589 0.00264264 156.464 Stem 6126 50000 0.0979275 1351.3 Suffix 2049 50000 0.211707 182.666 Prefix 4699 50000 0.503662 93.3187 SubMorph 609 12719 0.00586803 130.052 SuffixMorph 257 2567 0.0520046 50.1773
490	1	13875.7	1.07594e+06	14439	6867	43133	1	0.1 PrefixMorph 487 5767 0.0129298 112.017 Stem 6052 50000 0.120874 1231.53 Suffix 2187 50000 0.273687 168.32 Prefix 4877 50000 0.514211 100.89 SubMorph 609 12558 0.0170306 128.825 SuffixMorph 227 2685 0.00467566 55.6271
500	1	14141.7	1.07522e+06	14225	6750	43250	0	0.1 PrefixMorph 491 5518 0.00376289 128.546 Stem 6073 50000 0.118248 1231.78 Suffix 2201 50000 0.267683 154.925 Prefix 4630 50000 0.523207 90.7946 SubMorph 589 12754 0.00208725 118.957 SuffixMorph 241 2706 0.0313298 58.9306
