# D = 1, E = 1, I = 1, P = 0, R = -1, n = 500, N = 1, P = 0, w = 1, a = 0.1, b = 1000, e = 1, f = 1, g = 10, h = 0.1, r = 1630045771, s = 1, S = 0, x = 10, m = 0, Z = 1, z = 0, T = 1, t = 1
# 703628 tokens in 50000 sentences
#
# It	Temp	Time	-logP	tables	same	changed	reject	default_pya	(parent pym pyn pya pyb)*
0	1	18.4078	2.69399e+06	436484	0	50000	0	0.1 PrefixMorph 49523 49523 0.1 1000 Stem 50000 50000 0.1 1000 Suffix 50000 50000 0.1 1000 Prefix 50000 50000 0.1 1000 SubMorph 156400 156400 0.1 1000 SuffixMorph 80561 80561 0.1 1000
10	1	1092.32	1.30978e+06	30608	715	49285	0	0.1 PrefixMorph 2489 9568 0.390717 354.717 Stem 8552 50000 0.0676806 2367.09 Suffix 6911 50000 0.182997 1223.94 Prefix 9179 50000 0.270258 1447.97 SubMorph 1521 15280 0.00183069 397.377 SuffixMorph 1956 7518 0.409705 238.396
20	1	1465.22	1.26092e+06	24320	1022	48978	0	0.1 PrefixMorph 1546 7814 0.335942 213.457 Stem 7503 50000 0.103077 1863.58 Suffix 5621 50000 0.165396 964.305 Prefix 7246 50000 0.288269 884.809 SubMorph 1097 14027 0.00411891 271.35 SuffixMorph 1307 5954 0.431061 125.891
30	1	1796.18	1.23239e+06	21031	1190	48810	0	0.1 PrefixMorph 1045 7155 0.198221 182.207 Stem 7013 50000 0.0965889 1697.72 Suffix 4726 50000 0.166498 764.015 Prefix 6397 50000 0.28934 707.415 SubMorph 922 13543 0.00198766 200.74 SuffixMorph 928 5014 0.380295 109.766
40	1	2106.89	1.20838e+06	18965	1524	48476	0	0.1 PrefixMorph 827 6486 0.124443 162.838 Stem 6944 50000 0.107134 1569.98 Suffix 4098 50000 0.145284 618.191 Prefix 5662 50000 0.3287 481.872 SubMorph 802 13425 0.00257103 185.7 SuffixMorph 632 4467 0.268178 81.5468
50	1	2400.45	1.19155e+06	17835	1844	48156	0	0.1 PrefixMorph 714 6406 0.00940759 178.349 Stem 6726 50000 0.1428 1381.28 Suffix 3707 50000 0.150509 553.747 Prefix 5470 50000 0.338859 432.669 SubMorph 776 13107 0.0113511 174.882 SuffixMorph 442 4076 0.160604 78.5435
60	1	2685.19	1.17916e+06	17020	2137	47863	0	0.1 PrefixMorph 660 6339 0.0222651 164.017 Stem 6623 50000 0.115132 1467.83 Suffix 3250 50000 0.129582 497.68 Prefix 5353 50000 0.355364 364.336 SubMorph 756 13014 0.000465136 165.077 SuffixMorph 378 3637 0.0896281 77.5592
70	1	2965.03	1.16705e+06	16345	2308	47692	0	0.1 PrefixMorph 665 5956 0.0547366 161.011 Stem 6512 50000 0.114569 1414.58 Suffix 3112 50000 0.136359 466.615 Prefix 4922 50000 0.362652 315.805 SubMorph 738 12919 0.00254985 160.886 SuffixMorph 396 3536 0.116295 72.4044
80	1	3243.36	1.15535e+06	16036	2791	47209	0	0.1 PrefixMorph 650 5949 4.9168e-05 175.174 Stem 6420 50000 0.0908864 1466.63 Suffix 2997 50000 0.160341 383.82 Prefix 4881 50000 0.396421 269.129 SubMorph 704 12860 0.00961488 156.801 SuffixMorph 384 3424 0.130533 75.4887
90	1	3517.58	1.14872e+06	15817	2984	47016	2	0.1 PrefixMorph 633 5869 0.0128414 180.37 Stem 6424 50000 0.123077 1294 Suffix 2774 50000 0.145173 396.136 Prefix 4851 50000 0.400839 253.653 SubMorph 738 12855 0.0045843 161.873 SuffixMorph 397 3220 0.19954 67.4493
100	1	3788.33	1.13826e+06	15063	3290	46710	0	0.1 PrefixMorph 650 5622 0.0535996 151.887 Stem 6322 50000 0.129456 1256.36 Suffix 2571 50000 0.147728 358.629 Prefix 4467 50000 0.390119 243.07 SubMorph 700 12759 0.00319146 156.354 SuffixMorph 353 3017 0.111372 78.3168
110	1	4052.93	1.13313e+06	14904	3373	46627	0	0.1 PrefixMorph 587 5502 0.0463302 123.452 Stem 6453 50000 0.143045 1271.94 Suffix 2521 50000 0.177255 293.823 Prefix 4346 50000 0.387609 233.724 SubMorph 693 12883 0.0279289 135.301 SuffixMorph 304 3028 0.0638383 72.7401
120	1	4316.81	1.12993e+06	14794	3512	46488	0	0.1 PrefixMorph 538 5587 0.0395149 138.317 Stem 6329 50000 0.137233 1277.16 Suffix 2498 50000 0.149058 317.986 Prefix 4468 50000 0.421635 189.86 SubMorph 684 12708 0.0079275 149.613 SuffixMorph 277 2988 0.00188241 70.0031
130	1	4582.09	1.1267e+06	14811	3627	46373	0	0.1 PrefixMorph 494 5638 0.0344933 107.105 Stem 6342 50000 0.121058 1377.17 Suffix 2469 50000 0.159877 292.372 Prefix 4533 50000 0.403445 233.142 SubMorph 682 12767 0.013807 140.125 SuffixMorph 291 2934 0.101251 56.3073
140	1	4847.2	1.11986e+06	14655	3851	46149	0	0.1 PrefixMorph 528 5459 0.00101318 123.832 Stem 6393 50000 0.140437 1333.94 Suffix 2428 50000 0.203589 251.934 Prefix 4356 50000 0.40966 203.485 SubMorph 667 12850 0.00107428 139.735 SuffixMorph 283 2951 0.0341578 72.4504
150	1	5108.23	1.11568e+06	14440	3968	46032	0	0.1 PrefixMorph 567 5494 0.0587483 137.427 Stem 6286 50000 0.135991 1258.91 Suffix 2315 50000 0.160719 295.847 Prefix 4332 50000 0.406308 218.324 SubMorph 665 12808 0.00417737 138.329 SuffixMorph 275 2795 0.0412881 51.8359
160	1	5368.6	1.11407e+06	14557	4078	45922	0	0.1 PrefixMorph 588 5413 0.0424728 152.169 Stem 6384 50000 0.173855 1132.74 Suffix 2473 50000 0.200599 275.943 Prefix 4211 50000 0.407526 183.595 SubMorph 641 12948 0.000812766 131.826 SuffixMorph 260 2915 0.0622741 56.1192
170	1	5628.81	1.10995e+06	14488	4290	45710	1	0.1 PrefixMorph 533 5493 0.0244188 133.875 Stem 6282 50000 0.144655 1232.6 Suffix 2313 50000 0.148894 296.227 Prefix 4457 50000 0.420199 160.46 SubMorph 621 12838 0.00270542 135.868 SuffixMorph 282 2799 0.029065 72.777
180	1	5890.14	1.10454e+06	14314	4511	45489	0	0.1 PrefixMorph 485 5416 0.0316067 99.6741 Stem 6308 50000 0.163695 1158.51 Suffix 2263 50000 0.178931 262.716 Prefix 4351 50000 0.415632 185.985 SubMorph 663 12887 0.000964206 144.111 SuffixMorph 244 2707 0.00824849 55.5216
190	1	6148.45	1.1026e+06	14159	4551	45449	1	0.1 PrefixMorph 474 5460 0.0271472 109.685 Stem 6258 50000 0.142009 1224.57 Suffix 2300 50000 0.198514 232.315 Prefix 4186 50000 0.433284 141.935 SubMorph 674 12680 0.00557955 145.421 SuffixMorph 267 2772 0.0799344 62.4543
200	1	6404.2	1.09838e+06	14003	4540	45460	1	0.1 PrefixMorph 500 5435 0.0326266 123.041 Stem 6272 50000 0.164505 1132.69 Suffix 2133 50000 0.187573 220.444 Prefix 4192 50000 0.446168 148.888 SubMorph 648 12767 0.00100192 148.656 SuffixMorph 258 2623 0.0231318 69.7158
210	1	6662.17	1.09816e+06	14151	4581	45419	0	0.1 PrefixMorph 495 5418 0.00649751 122.662 Stem 6266 50000 0.150264 1237.72 Suffix 2293 50000 0.225279 191.688 Prefix 4171 50000 0.451967 143.906 SubMorph 639 12819 0.00553733 127.7 SuffixMorph 287 2757 0.00812461 74.1376
220	1	6917.99	1.09483e+06	13964	4845	45155	0	0.1 PrefixMorph 483 5434 0.0178744 121.369 Stem 6245 50000 0.146109 1224.11 Suffix 2094 50000 0.188209 216.69 Prefix 4249 50000 0.432296 155.829 SubMorph 647 12796 0.0141615 135.302 SuffixMorph 246 2577 0.0517483 56.5963
230	1	7174.46	1.09306e+06	13995	5071	44929	0	0.1 PrefixMorph 465 5373 0.00391237 115.525 Stem 6245 50000 0.13996 1244.11 Suffix 2115 50000 0.191557 228.856 Prefix 4277 50000 0.461134 134.447 SubMorph 646 12696 0.00694299 125.231 SuffixMorph 247 2631 0.0103821 63.4571
240	1	7432.74	1.09363e+06	13785	4916	45084	0	0.1 PrefixMorph 457 5157 0.0073646 114.427 Stem 6253 50000 0.162849 1119.86 Suffix 2134 50000 0.192017 214.602 Prefix 4054 50000 0.44888 157.803 SubMorph 635 12834 0.00495391 130.57 SuffixMorph 252 2648 0.10065 50.803
250	1	7691.41	1.09373e+06	14064	5098	44902	0	0.1 PrefixMorph 445 5293 0.00496664 106.102 Stem 6251 50000 0.115283 1315.14 Suffix 2241 50000 0.18658 246.91 Prefix 4254 50000 0.430088 146.807 SubMorph 636 12797 0.00822749 141.858 SuffixMorph 237 2730 0.0730143 45.8817
260	1	7948.44	1.09159e+06	13812	5191	44809	0	0.1 PrefixMorph 515 5212 0.0149232 132.481 Stem 6191 50000 0.0959264 1373.53 Suffix 2131 50000 0.20556 216.891 Prefix 4092 50000 0.440267 151.098 SubMorph 634 12735 0.00575159 133.455 SuffixMorph 249 2640 0.0643591 53.0091
270	1	8205.81	1.09053e+06	14014	5268	44732	0	0.1 PrefixMorph 478 5219 0.0457983 107.962 Stem 6325 50000 0.119278 1354.95 Suffix 2179 50000 0.218657 195.057 Prefix 4156 50000 0.434161 158.631 SubMorph 639 12895 0.00202598 121.872 SuffixMorph 237 2631 0.0708446 44.3447
280	1	8462.73	1.0892e+06	13878	5293	44707	0	0.1 PrefixMorph 515 5191 0.0812169 107.488 Stem 6229 50000 0.119429 1304.75 Suffix 2184 50000 0.212494 220.91 Prefix 4080 50000 0.448477 120.697 SubMorph 622 12828 0.00236345 125.7 SuffixMorph 248 2594 0.0195194 58.6776
290	1	8720.59	1.08994e+06	13865	5476	44524	1	0.1 PrefixMorph 466 5299 0.000685881 122.254 Stem 6216 50000 0.150671 1199.46 Suffix 2134 50000 0.233254 168.7 Prefix 4197 50000 0.453069 112.134 SubMorph 608 12841 0.00105477 127.754 SuffixMorph 244 2601 0.023456 65.7246
300	1	8976.53	1.08954e+06	13920	5484	44516	0	0.1 PrefixMorph 511 5309 0.0202819 121.081 Stem 6234 50000 0.117534 1297.47 Suffix 2173 50000 0.170853 233.859 Prefix 4127 50000 0.472055 114.589 SubMorph 626 12839 0.00187302 131.575 SuffixMorph 249 2666 0.0170283 62.2175
310	1	9230.05	1.08574e+06	13421	5624	44376	0	0.1 PrefixMorph 427 5025 0.00553497 111.834 Stem 6229 50000 0.125472 1244.67 Suffix 2088 50000 0.190837 206.347 Prefix 3804 50000 0.433644 139.441 SubMorph 626 12816 0.00917662 135.131 SuffixMorph 247 2532 0.0503945 57.8252
320	1	9485.12	1.08524e+06	13759	5480	44520	0	0.1 PrefixMorph 486 5163 0.00756876 112.379 Stem 6260 50000 0.140988 1220.75 Suffix 2175 50000 0.226235 196.4 Prefix 3983 50000 0.459491 108.203 SubMorph 607 12829 0.00141913 122.132 SuffixMorph 248 2599 0.00449809 63.786
330	1	9737.26	1.0851e+06	13622	5598	44402	0	0.1 PrefixMorph 470 5122 0.025864 116.568 Stem 6204 50000 0.142157 1173.71 Suffix 2141 50000 0.183025 230.001 Prefix 3957 50000 0.441945 129.155 SubMorph 616 12770 0.0115866 118.202 SuffixMorph 234 2553 0.0812996 50.4149
340	1	9991.71	1.08472e+06	13656	5456	44544	0	0.1 PrefixMorph 461 5158 0.023066 111.921 Stem 6175 50000 0.123955 1273.74 Suffix 2117 50000 0.178325 214.366 Prefix 4043 50000 0.452651 109.46 SubMorph 626 12695 0.0154979 120.684 SuffixMorph 234 2563 0.081842 47.3722
350	1	10244.9	1.08256e+06	13409	5679	44321	0	0.1 PrefixMorph 461 5055 0.0728658 105.913 Stem 6146 50000 0.0928416 1384.38 Suffix 2124 50000 0.225432 172.543 Prefix 3859 50000 0.435544 121.55 SubMorph 615 12676 0.0285953 114.779 SuffixMorph 204 2570 0.124201 38.6348
360	1	10499.8	1.08476e+06	13804	5547	44453	0	0.1 PrefixMorph 418 5430 0.030466 91.0135 Stem 6197 50000 0.14673 1156.9 Suffix 2096 50000 0.220798 170.768 Prefix 4230 50000 0.469465 121.005 SubMorph 629 12853 0.00906967 131.947 SuffixMorph 234 2528 0.0716222 47.0557
370	1	10755	1.08617e+06	13744	5522	44478	1	0.1 PrefixMorph 409 5097 0.0500336 83.8502 Stem 6365 50000 0.126357 1375.97 Suffix 2108 50000 0.208361 184.971 Prefix 3957 50000 0.467854 86.3835 SubMorph 627 13017 0.00535357 138.877 SuffixMorph 278 2513 0.0512989 68.4778
380	1	11009.7	1.08254e+06	13502	5920	44080	0	0.1 PrefixMorph 433 5048 0.0376273 98.9458 Stem 6129 50000 0.119469 1244.1 Suffix 2164 50000 0.227195 188.672 Prefix 3899 50000 0.445396 124.019 SubMorph 624 12728 0.00162741 134.148 SuffixMorph 253 2597 0.0588433 46.9603
390	1	11265	1.08422e+06	13567	5772	44228	0	0.1 PrefixMorph 417 4998 0.0321079 96.2127 Stem 6304 50000 0.132124 1293.8 Suffix 2106 50000 0.229567 181.03 Prefix 3838 50000 0.44221 114.404 SubMorph 649 12969 0.00057209 142.628 SuffixMorph 253 2532 0.0311397 63.3203
400	1	11519.6	1.08289e+06	13520	6023	43977	1	0.1 PrefixMorph 389 5000 0.0196219 98.0159 Stem 6230 50000 0.168227 1081.16 Suffix 2167 50000 0.243997 173.22 Prefix 3881 50000 0.433996 118.289 SubMorph 613 12912 0.00234411 137.571 SuffixMorph 240 2627 0.063993 48.2312
410	1	11774.3	1.08128e+06	13478	6037	43963	0	0.1 PrefixMorph 401 5038 0.00388093 101.885 Stem 6248 50000 0.125781 1280.09 Suffix 2032 50000 0.195102 191.873 Prefix 3909 50000 0.453814 117.632 SubMorph 633 12889 0.00539712 128.333 SuffixMorph 255 2494 0.108668 42.3233
420	1	12027.6	1.07867e+06	13332	6055	43945	1	0.1 PrefixMorph 415 4993 0.0810268 77.6855 Stem 6213 50000 0.0983526 1425.62 Suffix 2025 50000 0.190158 214.032 Prefix 3799 50000 0.432565 120.49 SubMorph 611 12786 0.0101878 117.921 SuffixMorph 269 2510 0.0177174 75.3118
430	1	12280.2	1.0768e+06	13397	6347	43653	0	0.1 PrefixMorph 411 5164 0.0212916 92.5395 Stem 6124 50000 0.101415 1312.12 Suffix 1963 50000 0.199643 198.271 Prefix 4007 50000 0.449925 127.151 SubMorph 624 12767 0.00532882 126.177 SuffixMorph 268 2437 0.0243243 68.6297
440	1	12533.2	1.07321e+06	13468	6568	43432	0	0.1 PrefixMorph 393 5149 0.0152515 95.3858 Stem 6212 50000 0.109588 1357.39 Suffix 2059 50000 0.247314 155.087 Prefix 3979 50000 0.459201 105.03 SubMorph 607 12850 0.0013723 132.554 SuffixMorph 218 2496 0.040708 55.4894
450	1	12784.3	1.07365e+06	13669	6617	43383	0	0.1 PrefixMorph 417 5193 0.095116 72.8819 Stem 6300 50000 0.133089 1298.62 Suffix 2092 50000 0.263421 146.651 Prefix 4004 50000 0.469024 105.637 SubMorph 607 13010 0.00141405 125.26 SuffixMorph 249 2526 0.00651798 68.347
460	1	13037.8	1.07258e+06	13656	6968	43032	0	0.1 PrefixMorph 438 5135 0.0110834 108.412 Stem 6258 50000 0.120921 1288.23 Suffix 2087 50000 0.250172 154.133 Prefix 3996 50000 0.448856 135.024 SubMorph 607 12975 0.00409561 120.646 SuffixMorph 270 2545 0.033539 65.2345
470	1	13292.1	1.07014e+06	13795	6970	43030	0	0.1 PrefixMorph 471 5230 0.00735101 125.856 Stem 6243 50000 0.1306 1277.29 Suffix 2062 50000 0.252182 171.214 Prefix 4147 50000 0.483061 90.6313 SubMorph 606 12861 0.00137954 126.984 SuffixMorph 266 2489 0.0672245 62.6619
480	1	13547.2	1.06871e+06	13494	7245	42755	0	0.1 PrefixMorph 410 4959 0.00956667 102.462 Stem 6300 50000 0.145367 1224.32 Suffix 2070 50000 0.249573 160.486 Prefix 3814 50000 0.453406 89.1035 SubMorph 610 12970 0.00258177 124.334 SuffixMorph 290 2501 0.166686 51.4467
490	1	13798	1.06852e+06	13310	7089	42911	2	0.1 PrefixMorph 405 4984 0.00448004 100.441 Stem 6200 50000 0.1085 1417.87 Suffix 2007 50000 0.244698 142.084 Prefix 3841 50000 0.459872 111.983 SubMorph 600 12841 0.00126833 128.616 SuffixMorph 257 2477 0.0203866 66.4582
500	1	14047.9	1.06837e+06	13255	7262	42738	0	0.1 PrefixMorph 439 4946 0.00977744 117.362 Stem 6319 50000 0.130407 1313.48 Suffix 1865 50000 0.213064 172.522 Prefix 3771 50000 0.456982 89.2104 SubMorph 636 13002 0.0224605 129.066 SuffixMorph 225 2377 0.0260925 59.3013
