# D = 1, E = 1, I = 1, P = 0, R = -1, n = 500, N = 1, P = 0, w = 1, a = 0.1, b = 1000, e = 1, f = 1, g = 10, h = 0.1, r = 1629240587, s = 1, S = 0, x = 10, m = 0, Z = 1, z = 0, T = 1, t = 1
# 703628 tokens in 50000 sentences
#
# It	Temp	Time	-logP	tables	same	changed	reject	default_pya	(parent pym pyn pya pyb)*
0	1	20.3858	2.06596e+06	203324	0	50000	0	0.1 StemSuffixMorphs 50000 50000 0.1 1000 SubMorph 103324 103324 0.1 1000 Stem 50000 50000 0.1 1000
10	1	486.224	1.1487e+06	25612	20567	29433	1	0.1 StemSuffixMorphs 20618 50000 0.436638 4070.72 SubMorph 2160 40836 0.00108326 465.525 Stem 2834 20618 0.00150947 890.821
20	1	795.076	1.13614e+06	24896	19401	30599	0	0.1 StemSuffixMorphs 20924 50000 0.449537 3778.45 SubMorph 1567 46478 0.0188963 284.836 Stem 2405 20924 0.00427887 692.315
30	1	1102.66	1.11835e+06	25306	20546	29454	0	0.1 StemSuffixMorphs 21635 50000 0.470904 3988.64 SubMorph 1312 48288 0.0110078 233.124 Stem 2359 21635 0.00176157 638.924
40	1	1411.86	1.10837e+06	25648	20937	29063	0	0.1 StemSuffixMorphs 22127 50000 0.468837 4255.88 SubMorph 1188 48134 0.00595755 208.521 Stem 2333 22127 0.00172803 646.96
50	1	1721.9	1.09928e+06	26109	21520	28480	1	0.1 StemSuffixMorphs 22549 50000 0.468956 4373.19 SubMorph 1145 47458 0.000364537 196.034 Stem 2415 22549 0.00251884 649.061
60	1	2031.98	1.08029e+06	26118	23185	26815	0	0.1 StemSuffixMorphs 22581 50000 0.467941 4543.31 SubMorph 1085 47182 0.0121626 177.043 Stem 2452 22581 0.000694811 660.242
70	1	2337.28	1.07624e+06	26402	23440	26560	0	0.1 StemSuffixMorphs 22957 50000 0.483314 4292.96 SubMorph 1000 47054 0.015517 165.756 Stem 2445 22957 0.000732953 668.758
80	1	2647.46	1.07034e+06	26454	23987	26013	0	0.1 StemSuffixMorphs 23086 50000 0.471965 4601.94 SubMorph 989 46714 0.0212532 152.97 Stem 2379 23086 0.000438828 640.483
90	1	2953.67	1.06745e+06	26702	24555	25445	0	0.1 StemSuffixMorphs 23304 50000 0.478324 4530.96 SubMorph 975 46704 0.0117061 160.939 Stem 2423 23304 0.00481275 642.403
100	1	3258.51	1.0646e+06	26980	24766	25234	0	0.1 StemSuffixMorphs 23634 50000 0.495115 4471.66 SubMorph 935 46063 0.0149706 161.639 Stem 2411 23634 0.00376421 659.204
110	1	3565.49	1.06287e+06	27080	24893	25107	1	0.1 StemSuffixMorphs 23688 50000 0.488107 4684.63 SubMorph 929 46115 0.00160382 159.094 Stem 2463 23688 0.000909216 686.518
120	1	3875.55	1.06087e+06	27422	25078	24922	0	0.1 StemSuffixMorphs 23992 50000 0.498748 4395.15 SubMorph 928 46328 0.00573011 150.195 Stem 2502 23992 0.0103948 665.486
130	1	4186.18	1.05941e+06	27396	25091	24909	0	0.1 StemSuffixMorphs 23971 50000 0.503023 4389.8 SubMorph 936 46594 0.0844066 120.112 Stem 2489 23971 0.000506263 670.884
140	1	4502	1.05705e+06	27568	25655	24345	1	0.1 StemSuffixMorphs 24096 50000 0.50585 4698.91 SubMorph 943 46074 0.0463215 139.782 Stem 2529 24096 0.00155325 699.407
150	1	4814.48	1.05794e+06	27710	25496	24504	0	0.1 StemSuffixMorphs 24196 50000 0.504222 4601.47 SubMorph 941 46460 0.0400342 150.922 Stem 2573 24196 0.000186218 702.705
160	1	5133.02	1.05604e+06	27664	25854	24146	2	0.1 StemSuffixMorphs 24193 50000 0.495364 4780.44 SubMorph 912 45965 0.026728 146.692 Stem 2559 24193 0.000464322 693.407
170	1	5448.72	1.05536e+06	27820	25763	24237	0	0.1 StemSuffixMorphs 24319 50000 0.522604 4216.5 SubMorph 913 45994 0.0333943 150.917 Stem 2588 24319 0.00487694 682.803
180	1	5761.01	1.05191e+06	28031	26448	23552	1	0.1 StemSuffixMorphs 24513 50000 0.515915 4434.92 SubMorph 923 45286 0.035996 143.911 Stem 2595 24513 0.00798861 688.7
190	1	6079.19	1.05052e+06	27992	26684	23316	2	0.1 StemSuffixMorphs 24477 50000 0.501155 4845.41 SubMorph 905 45206 0.0452242 132.195 Stem 2610 24477 0.00588595 677.466
200	1	6392.55	1.04937e+06	28145	26715	23285	1	0.1 StemSuffixMorphs 24641 50000 0.530072 4359.41 SubMorph 911 45446 0.0272081 144.741 Stem 2593 24641 0.000734955 719.874
210	1	6705.43	1.04914e+06	28130	26829	23171	0	0.1 StemSuffixMorphs 24663 50000 0.529191 4259.19 SubMorph 908 45548 0.0128511 149.263 Stem 2559 24663 0.00256676 682.664
220	1	7022.03	1.04615e+06	28208	27488	22512	1	0.1 StemSuffixMorphs 24701 50000 0.517224 4502.28 SubMorph 906 44999 0.0614852 126.726 Stem 2601 24701 0.000961053 711.871
230	1	7339.34	1.04784e+06	28185	27130	22870	0	0.1 StemSuffixMorphs 24698 50000 0.528208 4442.17 SubMorph 915 45823 0.0129671 145.094 Stem 2572 24698 0.00677066 695.766
240	1	7650.76	1.04726e+06	28147	27134	22866	0	0.1 StemSuffixMorphs 24634 50000 0.517073 4447.58 SubMorph 892 45743 0.0232797 140.307 Stem 2621 24634 0.00224166 714.503
250	1	7975.81	1.0455e+06	28056	27442	22558	1	0.1 StemSuffixMorphs 24584 50000 0.527106 4099.04 SubMorph 871 45984 0.0185629 145.438 Stem 2601 24584 0.000353871 692.884
260	1	8287.2	1.04508e+06	28204	27449	22551	0	0.1 StemSuffixMorphs 24690 50000 0.522452 4434.3 SubMorph 894 45530 0.0577659 115.25 Stem 2620 24690 0.003503 695.602
270	1	8601.39	1.04529e+06	28184	27272	22728	2	0.1 StemSuffixMorphs 24702 50000 0.522198 4388.56 SubMorph 884 45742 0.0430693 139.219 Stem 2598 24702 0.00314313 721.395
280	1	8913.14	1.04439e+06	28120	27503	22497	0	0.1 StemSuffixMorphs 24623 50000 0.517056 4485.16 SubMorph 882 45755 0.077767 121.611 Stem 2615 24623 0.00208977 720.831
290	1	9228.77	1.04362e+06	28251	27483	22517	1	0.1 StemSuffixMorphs 24788 50000 0.533396 4325.38 SubMorph 880 45538 0.0187191 149.602 Stem 2583 24788 0.000642296 676.177
300	1	9553.97	1.04335e+06	28181	27673	22327	1	0.1 StemSuffixMorphs 24635 50000 0.527584 4368.72 SubMorph 922 46005 0.0465582 140.033 Stem 2624 24635 0.0043068 718.99
310	1	9879.18	1.03778e+06	27927	28433	21567	0	0.1 StemSuffixMorphs 24430 50000 0.516429 4330.99 SubMorph 894 46138 0.00857257 144.616 Stem 2603 24430 1.27832e-05 703.401
320	1	10203.6	1.03635e+06	27993	28817	21183	1	0.1 StemSuffixMorphs 24458 50000 0.518928 4345.17 SubMorph 907 45947 0.039625 139.846 Stem 2628 24458 0.00368017 729.991
330	1	10537.9	1.03563e+06	27983	28721	21279	1	0.1 StemSuffixMorphs 24467 50000 0.502884 4581.71 SubMorph 911 46045 0.0523347 137.627 Stem 2605 24467 0.00347247 701.741
340	1	10854	1.0334e+06	28127	29208	20792	2	0.1 StemSuffixMorphs 24612 50000 0.518208 4525.61 SubMorph 895 45618 0.0859693 110.374 Stem 2620 24612 0.00646219 707.083
350	1	11200.8	1.03272e+06	28054	29146	20854	0	0.1 StemSuffixMorphs 24553 50000 0.513924 4504.28 SubMorph 879 46050 0.0509852 125.657 Stem 2622 24553 0.000443146 739.083
360	1	11516.4	1.03329e+06	28171	29192	20808	1	0.1 StemSuffixMorphs 24612 50000 0.502981 4861.26 SubMorph 875 45809 0.0819069 99.7516 Stem 2684 24612 0.00172766 700.826
370	1	11828.9	1.02887e+06	28037	29704	20296	0	0.1 StemSuffixMorphs 24507 50000 0.508491 4710.71 SubMorph 880 45420 0.0871651 100.004 Stem 2650 24507 0.000619127 749.149
380	1	12140.5	1.02676e+06	27967	29347	20653	0	0.1 StemSuffixMorphs 24443 50000 0.513818 4619.08 SubMorph 906 48058 0.054115 125.704 Stem 2618 24443 0.00265483 716.359
390	1	12451.9	1.02853e+06	27920	28947	21053	1	0.1 StemSuffixMorphs 24387 50000 0.512188 4494.61 SubMorph 903 48718 0.0767833 119.014 Stem 2630 24387 0.00147572 695.35
400	1	12762.2	1.02679e+06	27972	29177	20823	1	0.1 StemSuffixMorphs 24468 50000 0.509091 4685.66 SubMorph 905 48613 0.0624932 110.885 Stem 2599 24468 0.00367739 715.748
410	1	13075.5	1.02751e+06	28006	29017	20983	0	0.1 StemSuffixMorphs 24438 50000 0.509018 4687.05 SubMorph 915 48670 0.0972888 102.371 Stem 2653 24438 0.00210067 714.259
420	1	13398.1	1.02767e+06	27835	28972	21028	1	0.1 StemSuffixMorphs 24325 50000 0.504202 4590.55 SubMorph 893 49056 0.0919121 105.635 Stem 2617 24325 0.00528422 701.633
430	1	13712.2	1.02586e+06	27837	29176	20824	0	0.1 StemSuffixMorphs 24347 50000 0.513606 4535.2 SubMorph 884 48778 0.0266236 130.095 Stem 2606 24347 0.000947635 707.806
440	1	14023.2	1.0249e+06	27861	29429	20571	0	0.1 StemSuffixMorphs 24388 50000 0.499583 4783.37 SubMorph 888 48923 0.101347 100.312 Stem 2585 24388 0.000167693 707.025
450	1	14334.7	1.02572e+06	28014	29313	20687	0	0.1 StemSuffixMorphs 24475 50000 0.51626 4387.63 SubMorph 884 48672 0.1043 89.7052 Stem 2655 24475 0.00230937 730.432
460	1	14644	1.02492e+06	27900	29166	20834	0	0.1 StemSuffixMorphs 24382 50000 0.497708 4918.95 SubMorph 919 49159 0.0817295 113.11 Stem 2599 24382 0.00159793 714.698
470	1	14958.1	1.02352e+06	27823	29260	20740	1	0.1 StemSuffixMorphs 24359 50000 0.50059 4857.33 SubMorph 885 49282 0.0802591 100.624 Stem 2579 24359 0.000346353 682.494
480	1	15273.6	1.02426e+06	27725	29030	20970	0	0.1 StemSuffixMorphs 24257 50000 0.493112 4883.15 SubMorph 882 49385 0.105781 97.9069 Stem 2586 24257 0.00124957 702.764
490	1	15581.5	1.02398e+06	27645	29137	20863	0	0.1 StemSuffixMorphs 24191 50000 0.494269 4735.31 SubMorph 890 49622 0.0760014 110.177 Stem 2564 24191 0.00568992 675.757
500	1	15900.9	1.02354e+06	27634	29057	20943	0	0.1 StemSuffixMorphs 24199 50000 0.50406 4526.48 SubMorph 896 49440 0.10397 101.534 Stem 2539 24199 0.000107178 690.318
