# D = 1, E = 1, I = 1, P = 0, R = -1, n = 500, N = 1, P = 0, w = 1, a = 0.1, b = 1000, e = 1, f = 1, g = 10, h = 0.1, r = 1629240545, s = 1, S = 0, x = 10, m = 0, Z = 1, z = 0, T = 1, t = 1
# 703628 tokens in 50000 sentences
#
# It	Temp	Time	-logP	tables	same	changed	reject	default_pya	(parent pym pyn pya pyb)*
0	1	17.5842	2.15999e+06	253346	0	50000	0	0.1 Prefix 50000 50000 0.1 1000 Suffix 50000 50000 0.1 1000 Stem 50000 50000 0.1 1000 SubMorph 103346 103346 0.1 1000
10	1	663.673	1.24818e+06	19588	1105	48895	2	0.1 Prefix 6266 50000 0.0263132 1706.98 Suffix 5299 50000 0.0013399 1437.19 Stem 6772 50000 0.226176 1017.79 SubMorph 1251 14048 0.00672137 323.388
20	1	951.772	1.18946e+06	14843	1891	48109	0	0.1 Prefix 4713 50000 0.0595768 1073.53 Suffix 3555 50000 0.00123668 853.94 Stem 5737 50000 0.215918 821.895 SubMorph 838 12999 0.00687935 190.6
30	1	1221.85	1.15722e+06	12982	2674	47326	0	0.1 Prefix 4020 50000 0.0924453 764.563 Suffix 2722 50000 0.000661576 611.238 Stem 5548 50000 0.1891 869.554 SubMorph 692 12846 0.0105191 153.892
40	1	1482.94	1.13756e+06	12292	3451	46549	1	0.1 Prefix 3744 50000 0.146869 587.76 Suffix 2410 50000 0.00015898 542.094 Stem 5501 50000 0.236769 684.299 SubMorph 637 12871 0.0102127 131.913
50	1	1742.77	1.12456e+06	11890	3940	46060	0	0.1 Prefix 3541 50000 0.156343 501.495 Suffix 2136 50000 0.00262494 430.941 Stem 5582 50000 0.22347 781.669 SubMorph 631 13075 0.00606297 134.729
60	1	1998.03	1.11538e+06	11490	4431	45569	0	0.1 Prefix 3353 50000 0.137835 487.473 Suffix 1942 50000 0.000478609 375.901 Stem 5566 50000 0.217238 816.292 SubMorph 629 13142 0.00799019 133.745
70	1	2248.93	1.1048e+06	11229	4948	45052	0	0.1 Prefix 3309 50000 0.183469 437.133 Suffix 1818 50000 0.0041541 353.283 Stem 5514 50000 0.213475 776.878 SubMorph 588 13277 0.00177268 123.115
80	1	2496.13	1.09543e+06	11053	5548	44452	0	0.1 Prefix 3258 50000 0.204365 382.868 Suffix 1697 50000 0.0100483 315.244 Stem 5523 50000 0.212019 790.934 SubMorph 575 13249 0.0148954 112.701
90	1	2737.59	1.08927e+06	10838	6005	43995	0	0.1 Prefix 3070 50000 0.182099 381.731 Suffix 1636 50000 0.0117118 307.001 Stem 5557 50000 0.229435 760.204 SubMorph 575 13342 0.0172151 114.205
100	1	2975.02	1.08554e+06	10721	6071	43929	0	0.1 Prefix 3030 50000 0.202735 321.033 Suffix 1594 50000 0.00298617 297.282 Stem 5512 50000 0.185134 908.899 SubMorph 585 13263 0.0112761 119.982
110	1	3207.2	1.07977e+06	10652	6413	43587	0	0.1 Prefix 2983 50000 0.226152 325.808 Suffix 1500 50000 0.00459148 296.578 Stem 5623 50000 0.216604 807.818 SubMorph 546 13437 0.00463566 108.432
120	1	3438.31	1.07327e+06	10504	6691	43309	0	0.1 Prefix 2900 50000 0.255927 259.608 Suffix 1498 50000 0.00305592 280.866 Stem 5568 50000 0.237401 733.195 SubMorph 538 13389 0.0292021 92.2611
130	1	3665.89	1.06992e+06	10306	6900	43100	0	0.1 Prefix 2774 50000 0.238934 256.098 Suffix 1414 50000 0.0159207 250.957 Stem 5598 50000 0.213097 797.866 SubMorph 520 13481 0.0164533 109.509
140	1	3895.45	1.06458e+06	10257	7484	42516	0	0.1 Prefix 2656 50000 0.222835 247.764 Suffix 1425 50000 0.0354198 242.912 Stem 5649 50000 0.215161 819.095 SubMorph 527 13500 0.00942945 108.243
150	1	4125.9	1.06331e+06	10356	7825	42175	1	0.1 Prefix 2623 50000 0.225794 227.508 Suffix 1400 50000 0.0286811 233.554 Stem 5799 50000 0.223102 855.887 SubMorph 534 13776 0.000326906 108.175
160	1	4358.47	1.05863e+06	10301	8133	41867	2	0.1 Prefix 2709 50000 0.267078 205.442 Suffix 1361 50000 0.00351656 251.323 Stem 5701 50000 0.211771 821.106 SubMorph 530 13676 0.00310784 101.803
170	1	4599.57	1.05772e+06	10364	8179	41821	2	0.1 Prefix 2671 50000 0.250951 232.962 Suffix 1340 50000 0.00597104 252.226 Stem 5814 50000 0.223014 878.748 SubMorph 539 13874 0.00357901 106.246
180	1	4836.04	1.05621e+06	10313	8379	41621	0	0.1 Prefix 2645 50000 0.254182 233.929 Suffix 1340 50000 0.0193379 229.182 Stem 5771 50000 0.228284 845.447 SubMorph 557 13826 0.0121736 116.919
190	1	5071.94	1.05774e+06	10449	8483	41517	0	0.1 Prefix 2685 50000 0.217463 260.388 Suffix 1339 50000 0.0175329 228.067 Stem 5853 50000 0.244964 772.53 SubMorph 572 13842 0.00704107 112.289
200	1	5311.36	1.05542e+06	10183	8710	41290	0	0.1 Prefix 2541 50000 0.252104 197.409 Suffix 1304 50000 0.0131573 233.859 Stem 5791 50000 0.206252 879.75 SubMorph 547 13801 0.00423223 110.684
210	1	5547.86	1.05607e+06	10434	8832	41168	1	0.1 Prefix 2669 50000 0.253536 217.506 Suffix 1331 50000 0.00857826 238.564 Stem 5893 50000 0.250957 764.564 SubMorph 541 13945 0.0110146 107.434
220	1	5781.46	1.05464e+06	10286	8761	41239	0	0.1 Prefix 2580 50000 0.200357 286.7 Suffix 1345 50000 0.0560086 193.72 Stem 5827 50000 0.223177 828.056 SubMorph 534 13879 0.0122169 106.403
230	1	6012.5	1.0509e+06	10339	9288	40712	1	0.1 Prefix 2644 50000 0.266678 213.247 Suffix 1341 50000 0.0615521 202.506 Stem 5811 50000 0.207813 845.307 SubMorph 543 13824 0.0013064 105.329
240	1	6244.13	1.04958e+06	10279	9536	40464	0	0.1 Prefix 2580 50000 0.277582 172.7 Suffix 1312 50000 0.0391331 200.544 Stem 5835 50000 0.198687 929.836 SubMorph 552 13838 0.00939138 106.007
250	1	6476.38	1.04944e+06	10352	9471	40529	0	0.1 Prefix 2575 50000 0.249663 210.961 Suffix 1371 50000 0.104505 174.101 Stem 5885 50000 0.229797 789.285 SubMorph 521 13922 0.0108032 101.624
260	1	6708.06	1.04911e+06	10277	9405	40595	0	0.1 Prefix 2596 50000 0.257608 203.825 Suffix 1367 50000 0.0779685 195.982 Stem 5779 50000 0.214066 858.313 SubMorph 535 13888 0.00710479 109.205
270	1	6939.13	1.04929e+06	10295	9370	40630	1	0.1 Prefix 2664 50000 0.264397 217.549 Suffix 1348 50000 0.0852107 178.233 Stem 5735 50000 0.213585 844.275 SubMorph 548 13919 0.00237683 106.082
280	1	7171.83	1.05182e+06	10272	9168	40832	0	0.1 Prefix 2605 50000 0.243157 238.701 Suffix 1327 50000 0.066327 195.086 Stem 5798 50000 0.189175 936.832 SubMorph 542 13894 0.0085727 111.849
290	1	7401.74	1.05292e+06	10273	9066	40934	0	0.1 Prefix 2578 50000 0.247505 201.044 Suffix 1337 50000 0.0495632 213.25 Stem 5794 50000 0.189325 918.208 SubMorph 564 13875 0.00464687 118.662
300	1	7633.9	1.05214e+06	10344	9145	40855	0	0.1 Prefix 2566 50000 0.257759 205.768 Suffix 1347 50000 0.0623615 206.744 Stem 5904 50000 0.201543 916.317 SubMorph 527 14109 0.00806426 96.9533
310	1	7867.12	1.05119e+06	10377	9433	40567	1	0.1 Prefix 2611 50000 0.229654 237.737 Suffix 1339 50000 0.0894371 182.09 Stem 5874 50000 0.195588 922.368 SubMorph 553 13944 0.00586119 111.56
320	1	8100.02	1.05086e+06	10253	9511	40489	0	0.1 Prefix 2578 50000 0.25044 217.263 Suffix 1278 50000 0.0479343 198.188 Stem 5863 50000 0.204393 891.813 SubMorph 534 14023 0.00656216 104.138
330	1	8330.77	1.04842e+06	10168	9447	40553	0	0.1 Prefix 2481 50000 0.243286 218.492 Suffix 1277 50000 0.051976 195.698 Stem 5884 50000 0.195991 877.223 SubMorph 526 14096 0.00977886 98.5994
340	1	8560.45	1.04436e+06	10309	9877	40123	0	0.1 Prefix 2508 50000 0.261048 202.425 Suffix 1234 50000 0.0391014 194.061 Stem 6016 50000 0.235796 850.411 SubMorph 551 14212 0.0198982 100.339
350	1	8790.78	1.04087e+06	10100	10131	39869	1	0.1 Prefix 2428 50000 0.237678 191.8 Suffix 1262 50000 0.0780932 170.27 Stem 5888 50000 0.198424 953.822 SubMorph 522 14057 0.0151203 96.722
360	1	9021.78	1.04191e+06	10261	10107	39893	0	0.1 Prefix 2549 50000 0.267054 198.78 Suffix 1267 50000 0.0919805 155.932 Stem 5918 50000 0.201234 929.654 SubMorph 527 14179 0.000572044 108.558
370	1	9252.08	1.03948e+06	10202	10475	39525	1	0.1 Prefix 2448 50000 0.27372 188.693 Suffix 1223 50000 0.0556284 181.086 Stem 5960 50000 0.207585 950.539 SubMorph 571 14176 0.0195227 104.554
380	1	9483.67	1.04059e+06	10274	10415	39585	0	0.1 Prefix 2451 50000 0.241558 199.231 Suffix 1237 50000 0.0850833 156.629 Stem 6033 50000 0.204097 977.051 SubMorph 553 14345 0.0203272 97.0252
390	1	9713.9	1.04042e+06	10220	10249	39751	1	0.1 Prefix 2518 50000 0.281322 179.449 Suffix 1213 50000 0.0208347 224.209 Stem 5958 50000 0.200014 950.874 SubMorph 531 14192 0.00642891 100.074
400	1	9946.59	1.04036e+06	10306	10231	39769	0	0.1 Prefix 2418 50000 0.227799 220.848 Suffix 1263 50000 0.0985042 162.99 Stem 6092 50000 0.204677 944.626 SubMorph 533 14441 0.000915167 102.436
410	1	10179.2	1.03809e+06	10256	10680	39320	0	0.1 Prefix 2519 50000 0.25923 193.062 Suffix 1278 50000 0.0841513 162.969 Stem 5918 50000 0.20868 890.086 SubMorph 541 14224 0.00591367 110.282
420	1	10411.8	1.0353e+06	10195	10960	39040	0	0.1 Prefix 2459 50000 0.29435 154.226 Suffix 1246 50000 0.0638938 173.644 Stem 5941 50000 0.197042 923.225 SubMorph 549 14183 0.00904136 111.126
430	1	10643.2	1.03361e+06	10109	11264	38736	2	0.1 Prefix 2437 50000 0.26129 177.38 Suffix 1186 50000 0.0961936 141.838 Stem 5950 50000 0.195522 960.357 SubMorph 536 14208 0.0113733 101.357
440	1	10878.3	1.03352e+06	10103	11267	38733	0	0.1 Prefix 2379 50000 0.249207 189.793 Suffix 1213 50000 0.0790216 156.701 Stem 5959 50000 0.206842 941.537 SubMorph 552 14288 0.00473301 111.925
450	1	11106	1.03159e+06	10112	11679	38321	2	0.1 Prefix 2410 50000 0.285619 157.315 Suffix 1201 50000 0.051501 185.1 Stem 5936 50000 0.214407 892.79 SubMorph 565 14238 0.0164003 111.264
460	1	11328.8	1.03131e+06	10224	11671	38329	0	0.1 Prefix 2433 50000 0.26756 182.815 Suffix 1218 50000 0.0421846 197.375 Stem 6026 50000 0.219613 896.91 SubMorph 547 14393 0.0210639 97.967
470	1	11551.4	1.0291e+06	10239	11801	38199	1	0.1 Prefix 2508 50000 0.313734 144.368 Suffix 1231 50000 0.106552 150.993 Stem 5946 50000 0.203243 907.148 SubMorph 554 14235 0.00206237 111.96
480	1	11773.9	1.02968e+06	10142	11945	38055	0	0.1 Prefix 2401 50000 0.283317 158.033 Suffix 1271 50000 0.141592 138.415 Stem 5927 50000 0.180412 1003.2 SubMorph 543 14210 0.00544776 107.919
490	1	11994	1.02864e+06	10128	12231	37769	1	0.1 Prefix 2337 50000 0.263454 178.475 Suffix 1239 50000 0.0926455 159.043 Stem 5982 50000 0.208072 907.488 SubMorph 570 14312 0.00103131 125.218
500	1	12213.4	1.02523e+06	10024	12675	37325	0	0.1 Prefix 2340 50000 0.251232 166.867 Suffix 1144 50000 0.0462749 176.111 Stem 5986 50000 0.198414 969.839 SubMorph 554 14295 6.37315e-05 111.565
