# D = 1, E = 1, I = 1, P = 0, R = -1, n = 500, N = 1, P = 0, w = 1, a = 0.1, b = 1000, e = 1, f = 1, g = 10, h = 0.1, r = 1629240520, s = 1, S = 0, x = 10, m = 0, Z = 1, z = 0, T = 1, t = 1
# 703628 tokens in 50000 sentences
#
# It	Temp	Time	-logP	tables	same	changed	reject	default_pya	(parent pym pyn pya pyb)*
0	1	17.9257	2.1588e+06	253263	0	50000	0	0.1 Prefix 50000 50000 0.1 1000 Suffix 50000 50000 0.1 1000 Stem 50000 50000 0.1 1000 SubMorph 103263 103263 0.1 1000
10	1	657.755	1.245e+06	19317	1110	48890	1	0.1 Prefix 6140 50000 0.00810901 1712.31 Suffix 5264 50000 0.00676613 1412.29 Stem 6665 50000 0.198963 1091.82 SubMorph 1248 13927 0.0010849 330.368
20	1	951.788	1.18871e+06	14821	1971	48029	0	0.1 Prefix 4737 50000 0.0822618 1000.59 Suffix 3507 50000 0.0026158 821.313 Stem 5732 50000 0.190668 893.697 SubMorph 845 12934 0.00152472 193.469
30	1	1220.93	1.15881e+06	13097	2616	47384	0	0.1 Prefix 4009 50000 0.075566 774.285 Suffix 2838 50000 0.00846037 631.445 Stem 5547 50000 0.218209 810.075 SubMorph 703 12870 0.0100626 139.145
40	1	1478.07	1.13715e+06	12191	3337	46663	0	0.1 Prefix 3698 50000 0.125404 604.179 Suffix 2400 50000 0.0116253 492.883 Stem 5463 50000 0.18828 843.494 SubMorph 630 12858 0.0104106 132.802
50	1	1735.15	1.12326e+06	11637	3827	46173	0	0.1 Prefix 3503 50000 0.157915 493.518 Suffix 2097 50000 0.00110403 432.08 Stem 5444 50000 0.231847 722.345 SubMorph 593 12900 0.0214751 114.154
60	1	1988.79	1.11449e+06	11461	4457	45543	0	0.1 Prefix 3362 50000 0.167889 435.124 Suffix 2001 50000 0.00328685 382.72 Stem 5503 50000 0.211836 783.56 SubMorph 595 13045 0.0051872 118.721
70	1	2237.54	1.10553e+06	11298	4768	45232	0	0.1 Prefix 3194 50000 0.161552 433.97 Suffix 1921 50000 0.00560829 381.66 Stem 5599 50000 0.222798 795.004 SubMorph 584 13251 0.0162133 113.267
80	1	2478.15	1.097e+06	10966	5148	44852	0	0.1 Prefix 3088 50000 0.169893 391.599 Suffix 1709 50000 0.00120058 344.178 Stem 5618 50000 0.236536 724.407 SubMorph 551 13258 0.0126615 113.571
90	1	2717.96	1.0923e+06	11000	5615	44385	0	0.1 Prefix 3014 50000 0.186282 370.79 Suffix 1763 50000 0.00186765 343.084 Stem 5647 50000 0.204492 857.197 SubMorph 576 13280 0.0019308 116.117
100	1	2955.88	1.08637e+06	10846	6101	43899	0	0.1 Prefix 2943 50000 0.208409 327.752 Suffix 1647 50000 0.0298827 302.011 Stem 5689 50000 0.215442 808.733 SubMorph 567 13293 0.00275546 121.735
110	1	3193.57	1.08319e+06	10749	6361	43639	0	0.1 Prefix 2893 50000 0.180127 349.978 Suffix 1564 50000 0.00976651 300.581 Stem 5726 50000 0.22716 791.143 SubMorph 566 13396 0.000745169 116.469
120	1	3428.52	1.07715e+06	10600	6888	43112	0	0.1 Prefix 2837 50000 0.20551 286.111 Suffix 1477 50000 0.0289626 241.43 Stem 5741 50000 0.215339 832.991 SubMorph 545 13545 0.0041894 105.912
130	1	3668.65	1.07259e+06	10727	7275	42725	0	0.1 Prefix 2887 50000 0.196444 333.589 Suffix 1520 50000 0.0405741 267.158 Stem 5773 50000 0.217885 845.469 SubMorph 547 13634 0.00573896 109.386
140	1	3902.45	1.06855e+06	10543	7561	42439	0	0.1 Prefix 2806 50000 0.215413 294.656 Suffix 1480 50000 0.0448405 236.455 Stem 5721 50000 0.221157 780.553 SubMorph 536 13558 0.00136664 118.825
150	1	4135.69	1.06467e+06	10575	7941	42059	0	0.1 Prefix 2816 50000 0.235017 264.431 Suffix 1407 50000 0.0203165 243.909 Stem 5801 50000 0.233492 776.926 SubMorph 551 13557 0.00806428 120.336
160	1	4371.73	1.06245e+06	10512	8147	41853	0	0.1 Prefix 2763 50000 0.240355 234.54 Suffix 1404 50000 0.043974 225.016 Stem 5789 50000 0.220707 838.35 SubMorph 556 13509 0.0060127 102.06
170	1	4606.39	1.06109e+06	10408	8129	41871	0	0.1 Prefix 2669 50000 0.22585 242.864 Suffix 1310 50000 0.0279046 218.511 Stem 5893 50000 0.233047 805.436 SubMorph 536 13834 0.0159412 100.133
180	1	4840.45	1.06112e+06	10333	8152	41848	0	0.1 Prefix 2549 50000 0.203527 276.37 Suffix 1412 50000 0.036315 227.069 Stem 5822 50000 0.203517 893.764 SubMorph 550 13725 0.00377793 116.34
190	1	5075.51	1.06005e+06	10488	8300	41700	0	0.1 Prefix 2599 50000 0.215037 252.497 Suffix 1429 50000 0.0308585 240.691 Stem 5914 50000 0.236643 790.351 SubMorph 546 13871 0.0319689 99.3236
200	1	5312.87	1.05594e+06	10310	8786	41214	0	0.1 Prefix 2483 50000 0.208637 250.11 Suffix 1372 50000 0.0672375 205.749 Stem 5906 50000 0.209673 872.141 SubMorph 549 13757 0.0197178 106.594
210	1	5546.46	1.05355e+06	10347	9066	40934	0	0.1 Prefix 2626 50000 0.225403 247.05 Suffix 1368 50000 0.0469619 214.238 Stem 5824 50000 0.202195 896.074 SubMorph 529 13779 0.001999 103.602
220	1	5778.02	1.0535e+06	10270	8959	41041	0	0.1 Prefix 2555 50000 0.224341 248.097 Suffix 1371 50000 0.0289416 224.604 Stem 5824 50000 0.214285 855.683 SubMorph 520 13814 0.0127515 100.495
230	1	6010.33	1.05044e+06	10220	9402	40598	1	0.1 Prefix 2524 50000 0.229084 228.118 Suffix 1321 50000 0.0492139 200.199 Stem 5847 50000 0.227904 840.154 SubMorph 528 13825 0.0195196 113.395
240	1	6243.52	1.05098e+06	10318	9434	40566	0	0.1 Prefix 2522 50000 0.215847 269.464 Suffix 1325 50000 0.0314738 230.042 Stem 5922 50000 0.210568 835.446 SubMorph 549 14024 0.00715087 110.369
250	1	6476.45	1.05032e+06	10368	9379	40621	0	0.1 Prefix 2626 50000 0.241115 235.323 Suffix 1296 50000 0.0448071 206.673 Stem 5908 50000 0.226521 877.448 SubMorph 538 13934 0.00841555 100.67
260	1	6708.29	1.04996e+06	10349	9303	40697	0	0.1 Prefix 2477 50000 0.222622 231.319 Suffix 1331 50000 0.0856996 172.731 Stem 5992 50000 0.200024 955.458 SubMorph 549 14094 0.0126393 125.744
270	1	6939.32	1.0488e+06	10353	9260	40740	0	0.1 Prefix 2545 50000 0.23149 235.472 Suffix 1254 50000 0.027894 216.234 Stem 6006 50000 0.21683 894.374 SubMorph 548 14102 0.00508387 103.661
280	1	7165.59	1.04582e+06	10289	9686	40314	2	0.1 Prefix 2484 50000 0.258456 194.443 Suffix 1261 50000 0.028676 198.655 Stem 6010 50000 0.216536 903.325 SubMorph 534 14179 0.0116413 106.686
290	1	7391.81	1.0417e+06	10253	10140	39860	0	0.1 Prefix 2350 50000 0.213965 226.614 Suffix 1313 50000 0.0952979 173.363 Stem 6058 50000 0.228339 874.977 SubMorph 532 14257 0.0389665 100.835
300	1	7615.28	1.03651e+06	10211	10205	39795	0	0.1 Prefix 2436 50000 0.290036 161.281 Suffix 1279 50000 0.12725 149.211 Stem 5958 50000 0.212989 885.676 SubMorph 538 14067 0.00668103 105.654
310	1	7841.36	1.03798e+06	10292	10114	39886	0	0.1 Prefix 2496 50000 0.280189 181.832 Suffix 1265 50000 0.0550517 198.331 Stem 5984 50000 0.209807 911.872 SubMorph 547 14076 0.00053127 115.181
320	1	8068.6	1.03674e+06	10090	10158	39842	2	0.1 Prefix 2301 50000 0.261871 170.402 Suffix 1294 50000 0.117004 140.896 Stem 5953 50000 0.239461 849.42 SubMorph 542 14116 0.0107584 97.5908
330	1	8297.35	1.03515e+06	10107	10487	39513	0	0.1 Prefix 2201 50000 0.240915 180.179 Suffix 1301 50000 0.0913005 169.801 Stem 6062 50000 0.226981 856.316 SubMorph 543 14239 0.00627636 107.976
340	1	8522.89	1.03492e+06	10156	10513	39487	0	0.1 Prefix 2356 50000 0.265471 167.03 Suffix 1249 50000 0.0595629 183.472 Stem 6005 50000 0.201481 952.559 SubMorph 546 14162 0.0077054 110.037
350	1	8744.82	1.03505e+06	10212	10573	39427	0	0.1 Prefix 2290 50000 0.24861 184.036 Suffix 1255 50000 0.0899052 166.963 Stem 6120 50000 0.259093 783.56 SubMorph 547 14261 0.0077098 109.58
360	1	8967.51	1.03487e+06	10173	10588	39412	0	0.1 Prefix 2385 50000 0.278635 170.703 Suffix 1221 50000 0.0363889 185.491 Stem 6034 50000 0.198332 970.726 SubMorph 533 14219 0.0176043 100.515
370	1	9191.59	1.03493e+06	10173	11336	38664	0	0.1 Prefix 2311 50000 0.245011 194.269 Suffix 1203 50000 0.0673928 175.211 Stem 6131 50000 0.219042 917.725 SubMorph 528 14392 0.000529411 100.301
380	1	9412.92	1.03206e+06	10117	11737	38263	0	0.1 Prefix 2343 50000 0.268596 180.52 Suffix 1199 50000 0.0586429 174.921 Stem 6019 50000 0.218949 874.142 SubMorph 556 14225 0.000230017 104.352
390	1	9643.5	1.02905e+06	10136	11923	38077	0	0.1 Prefix 2371 50000 0.270513 168.837 Suffix 1215 50000 0.0887617 156.572 Stem 6014 50000 0.224568 877.404 SubMorph 536 14198 0.00410988 103.751
400	1	9876.83	1.02696e+06	10237	12222	37778	0	0.1 Prefix 2361 50000 0.264542 183.628 Suffix 1195 50000 0.069279 164.828 Stem 6121 50000 0.232747 857.56 SubMorph 560 14349 0.00415174 106.495
410	1	10107	1.02662e+06	10030	11829	38171	0	0.1 Prefix 2256 50000 0.257372 177.343 Suffix 1176 50000 0.0761383 171.522 Stem 6030 50000 0.22529 864.823 SubMorph 568 14312 0.0254809 111.293
420	1	10337.1	1.02786e+06	10016	11869	38131	0	0.1 Prefix 2316 50000 0.278905 145.54 Suffix 1213 50000 0.14859 117.187 Stem 5930 50000 0.211493 893.973 SubMorph 557 14149 0.015945 108.437
430	1	10569.3	1.02867e+06	10007	11924	38076	0	0.1 Prefix 2281 50000 0.235285 203.565 Suffix 1209 50000 0.0748848 166.918 Stem 5988 50000 0.201858 986.022 SubMorph 529 14208 0.00947815 102.1
440	1	10798.1	1.02816e+06	10085	11848	38152	0	0.1 Prefix 2283 50000 0.239783 194.443 Suffix 1206 50000 0.10459 152.343 Stem 6056 50000 0.213549 916.109 SubMorph 540 14325 0.019274 107.676
450	1	11021.8	1.02695e+06	10099	11884	38116	0	0.1 Prefix 2311 50000 0.261377 170.451 Suffix 1183 50000 0.0941869 158.164 Stem 6059 50000 0.229079 855.427 SubMorph 546 14393 0.0080557 98.5647
460	1	11242.1	1.02807e+06	10243	11840	38160	0	0.1 Prefix 2447 50000 0.259825 204.612 Suffix 1177 50000 0.108819 136.202 Stem 6087 50000 0.210785 908.292 SubMorph 532 14316 0.00021666 102.725
470	1	11465.3	1.02759e+06	10369	12081	37919	0	0.1 Prefix 2515 50000 0.270534 176.291 Suffix 1202 50000 0.0996802 143.892 Stem 6109 50000 0.21529 903.305 SubMorph 543 14395 0.000326941 112.977
480	1	11686.2	1.02633e+06	10203	12085	37915	0	0.1 Prefix 2314 50000 0.250716 176.904 Suffix 1209 50000 0.0901236 152.024 Stem 6115 50000 0.220249 900.527 SubMorph 565 14400 0.0055069 113.728
490	1	11907.1	1.02591e+06	10197	12099	37901	0	0.1 Prefix 2284 50000 0.236853 173.472 Suffix 1215 50000 0.107387 138.321 Stem 6158 50000 0.211821 951.856 SubMorph 540 14522 0.010071 104.235
500	1	12126.9	1.02246e+06	10103	12181	37819	1	0.1 Prefix 2260 50000 0.274255 162.787 Suffix 1219 50000 0.124176 135.728 Stem 6109 50000 0.187979 1040.57 SubMorph 515 14501 0.00126413 105.912
