# D = 1, E = 1, I = 1, P = 0, R = -1, n = 500, N = 1, P = 0, w = 1, a = 0.1, b = 1000, e = 1, f = 1, g = 10, h = 0.1, r = 1629240534, s = 1, S = 0, x = 10, m = 0, Z = 1, z = 0, T = 1, t = 1
# 703628 tokens in 50000 sentences
#
# It	Temp	Time	-logP	tables	same	changed	reject	default_pya	(parent pym pyn pya pyb)*
0	1	17.9046	2.15886e+06	253126	0	50000	0	0.1 Prefix 50000 50000 0.1 1000 Suffix 50000 50000 0.1 1000 Stem 50000 50000 0.1 1000 SubMorph 103126 103126 0.1 1000
10	1	661.156	1.24877e+06	19471	1170	48830	0	0.1 Prefix 6130 50000 0.0237471 1669 Suffix 5353 50000 0.00160054 1436.01 Stem 6717 50000 0.198499 1116.27 SubMorph 1271 13994 0.000383813 318.633
20	1	960.281	1.19155e+06	14830	1896	48104	0	0.1 Prefix 4645 50000 0.0239864 1103.33 Suffix 3518 50000 0.00541993 824.609 Stem 5820 50000 0.216683 814.381 SubMorph 847 13087 0.000944515 211.704
30	1	1239.89	1.16016e+06	13119	2705	47295	0	0.1 Prefix 3993 50000 0.0541606 857.446 Suffix 2794 50000 0.00235122 593.181 Stem 5612 50000 0.185306 901.876 SubMorph 720 13042 0.000798658 164.917
40	1	1510.78	1.14161e+06	12291	3304	46696	0	0.1 Prefix 3553 50000 0.103367 608.237 Suffix 2464 50000 0.00879476 505.653 Stem 5608 50000 0.212435 814.715 SubMorph 666 12993 0.00289245 143.541
50	1	1764.54	1.12249e+06	11664	3925	46075	0	0.1 Prefix 3402 50000 0.111634 571.004 Suffix 2102 50000 0.0040764 433.24 Stem 5546 50000 0.227191 751.676 SubMorph 614 13001 0.00652016 126.314
60	1	2008.96	1.11051e+06	11236	4528	45472	0	0.1 Prefix 3313 50000 0.151508 455.754 Suffix 1917 50000 0.00986559 376.817 Stem 5430 50000 0.198481 815.702 SubMorph 576 13008 0.00931333 111.894
70	1	2254.98	1.10242e+06	11263	4987	45013	0	0.1 Prefix 3241 50000 0.16087 420.524 Suffix 1808 50000 0.0108454 345.059 Stem 5607 50000 0.218374 782.433 SubMorph 607 13233 0.0149811 119.504
80	1	2500.68	1.0962e+06	11041	5192	44808	0	0.1 Prefix 3093 50000 0.14438 464.484 Suffix 1726 50000 0.00579134 330.976 Stem 5673 50000 0.2166 839.036 SubMorph 549 13306 0.0306467 106.034
90	1	2745.84	1.09185e+06	11008	5538	44462	0	0.1 Prefix 3168 50000 0.194524 369.729 Suffix 1647 50000 0.0134987 303.8 Stem 5649 50000 0.207298 839.058 SubMorph 544 13392 0.0121234 110.439
100	1	2987.1	1.08436e+06	10931	6149	43851	0	0.1 Prefix 3028 50000 0.205525 312.648 Suffix 1629 50000 0.00133103 309.492 Stem 5700 50000 0.228861 802.732 SubMorph 574 13404 0.00114945 114.54
110	1	3224.64	1.08093e+06	10726	6490	43510	0	0.1 Prefix 2867 50000 0.202489 314.99 Suffix 1504 50000 0.00594449 279.66 Stem 5794 50000 0.207316 870.811 SubMorph 561 13473 0.000519983 107.35
120	1	3463.07	1.0761e+06	10640	6718	43282	0	0.1 Prefix 2826 50000 0.198101 304.669 Suffix 1454 50000 0.00176318 267.036 Stem 5796 50000 0.2373 764.059 SubMorph 564 13609 0.000886648 109.409
130	1	3702.29	1.07336e+06	10551	6926	43074	0	0.1 Prefix 2782 50000 0.239879 251.657 Suffix 1453 50000 0.0161725 248.369 Stem 5743 50000 0.206223 911.592 SubMorph 573 13463 0.00650332 118.533
140	1	3939.48	1.06849e+06	10618	7538	42462	0	0.1 Prefix 2718 50000 0.210687 288.838 Suffix 1443 50000 0.0264206 256.976 Stem 5909 50000 0.211785 885.522 SubMorph 548 13806 0.0208739 108.589
150	1	4173	1.0641e+06	10458	7900	42100	1	0.1 Prefix 2672 50000 0.227042 264.449 Suffix 1433 50000 0.021082 243.44 Stem 5790 50000 0.201491 917.917 SubMorph 563 13660 0.00429282 114.084
160	1	4412.02	1.06297e+06	10540	8122	41878	0	0.1 Prefix 2628 50000 0.198428 281.646 Suffix 1499 50000 0.0570122 233.371 Stem 5876 50000 0.234222 782.712 SubMorph 537 13781 0.00942083 105.475
170	1	4652.59	1.06028e+06	10458	8327	41673	1	0.1 Prefix 2602 50000 0.210406 259.918 Suffix 1425 50000 0.00152115 261.482 Stem 5910 50000 0.230615 810.133 SubMorph 521 13885 0.0185044 103.547
180	1	4891.63	1.0583e+06	10377	8674	41326	1	0.1 Prefix 2584 50000 0.214556 241.624 Suffix 1345 50000 0.0199296 220.831 Stem 5893 50000 0.223713 870.825 SubMorph 555 13939 0.00231604 111.046
190	1	5127.51	1.05454e+06	10337	9049	40951	0	0.1 Prefix 2495 50000 0.207403 257.825 Suffix 1379 50000 0.0940234 181.011 Stem 5904 50000 0.224206 863.823 SubMorph 559 13879 0.0023222 106.736
200	1	5363.75	1.05227e+06	10275	9215	40785	0	0.1 Prefix 2510 50000 0.246713 222.874 Suffix 1371 50000 0.064747 202.823 Stem 5832 50000 0.207357 857.8 SubMorph 562 13802 0.0179829 109.137
210	1	5597.21	1.04947e+06	10230	9181	40819	1	0.1 Prefix 2411 50000 0.265526 161.886 Suffix 1287 50000 0.0497205 189.947 Stem 5961 50000 0.219038 860.517 SubMorph 571 13994 0.00201853 101.221
220	1	5829.38	1.04792e+06	10200	9595	40405	0	0.1 Prefix 2418 50000 0.219892 221.454 Suffix 1289 50000 0.0691547 182.921 Stem 5942 50000 0.228964 873.444 SubMorph 551 14031 0.0481947 99.7077
230	1	6057.07	1.04426e+06	10276	9985	40015	0	0.1 Prefix 2439 50000 0.248877 202.273 Suffix 1259 50000 0.0613142 189.153 Stem 6046 50000 0.238769 828.566 SubMorph 532 14205 0.00340962 103.612
240	1	6282.3	1.04132e+06	10207	10399	39601	1	0.1 Prefix 2387 50000 0.237487 190.969 Suffix 1243 50000 0.0851664 169.044 Stem 6026 50000 0.236497 839.255 SubMorph 551 14084 0.0029242 116.27
250	1	6509.6	1.04083e+06	10288	10621	39379	0	0.1 Prefix 2428 50000 0.233756 197.786 Suffix 1228 50000 0.0537776 180.852 Stem 6080 50000 0.240463 837.79 SubMorph 552 14184 0.0194039 94.3453
260	1	6734.33	1.03821e+06	10077	10831	39169	0	0.1 Prefix 2308 50000 0.216028 222.501 Suffix 1210 50000 0.0466491 178.531 Stem 6020 50000 0.211482 902.284 SubMorph 539 14143 0.00263742 111.736
270	1	6959.46	1.0358e+06	10172	10922	39078	0	0.1 Prefix 2375 50000 0.258666 193.282 Suffix 1188 50000 0.0605775 173.074 Stem 6043 50000 0.229485 862.736 SubMorph 566 14136 0.012329 103.983
280	1	7188.38	1.0362e+06	10163	10940	39060	0	0.1 Prefix 2317 50000 0.235714 213.566 Suffix 1235 50000 0.0674895 172.03 Stem 6066 50000 0.213649 950.491 SubMorph 545 14263 0.0453125 99.7452
290	1	7415.07	1.0355e+06	10120	10846	39154	0	0.1 Prefix 2293 50000 0.205553 229.564 Suffix 1254 50000 0.106173 154.986 Stem 6038 50000 0.196881 1010.17 SubMorph 535 14206 0.000516781 107.904
300	1	7642.85	1.03558e+06	10165	10801	39199	0	0.1 Prefix 2276 50000 0.270315 152.986 Suffix 1224 50000 0.0628876 175.254 Stem 6114 50000 0.209817 905.285 SubMorph 551 14245 0.046052 94.1033
310	1	7869.93	1.03499e+06	10011	10924	39076	0	0.1 Prefix 2336 50000 0.275117 144.993 Suffix 1158 50000 0.03465 189.073 Stem 5968 50000 0.202678 937.577 SubMorph 549 14225 0.00126637 111.153
320	1	8097.56	1.0353e+06	10246	10885	39115	0	0.1 Prefix 2413 50000 0.277545 167.462 Suffix 1236 50000 0.0923489 160.483 Stem 6066 50000 0.198012 968.289 SubMorph 531 14186 0.00806535 101.822
330	1	8324.42	1.03731e+06	10135	10867	39133	0	0.1 Prefix 2436 50000 0.246704 207.12 Suffix 1186 50000 0.0301527 186.567 Stem 5994 50000 0.214289 905.517 SubMorph 519 14118 0.0257775 98.2507
340	1	8550.57	1.03545e+06	10067	11084	38916	0	0.1 Prefix 2443 50000 0.264801 188.511 Suffix 1167 50000 0.0904166 151.383 Stem 5919 50000 0.207158 881.119 SubMorph 538 14037 0.00359536 121.394
350	1	8778.62	1.03451e+06	10147	11190	38810	0	0.1 Prefix 2390 50000 0.284398 154.918 Suffix 1150 50000 0.0584372 174.175 Stem 6078 50000 0.228866 850.284 SubMorph 529 14266 0.0078409 107.776
360	1	9007.03	1.0363e+06	10135	11074	38926	1	0.1 Prefix 2391 50000 0.23714 219.635 Suffix 1151 50000 0.0670147 152.747 Stem 6042 50000 0.197163 996.558 SubMorph 551 14290 0.00955403 103.932
370	1	9233.71	1.0352e+06	10052	11038	38962	1	0.1 Prefix 2320 50000 0.246825 181.794 Suffix 1154 50000 0.0847645 153.164 Stem 6021 50000 0.214877 936.11 SubMorph 557 14135 0.00206162 110.268
380	1	9461.7	1.03879e+06	10273	10937	39063	2	0.1 Prefix 2375 50000 0.190424 256.665 Suffix 1214 50000 0.0286492 199.935 Stem 6129 50000 0.21728 891.741 SubMorph 555 14369 0.0194313 120.349
390	1	9698.94	1.03673e+06	10230	11249	38751	0	0.1 Prefix 2405 50000 0.245584 203.014 Suffix 1197 50000 0.054854 181.11 Stem 6075 50000 0.238202 836.516 SubMorph 553 14294 0.00796291 111.301
400	1	9934.45	1.03569e+06	10233	11323	38677	0	0.1 Prefix 2420 50000 0.257466 194.514 Suffix 1201 50000 0.0638451 169.52 Stem 6041 50000 0.228584 858.644 SubMorph 571 14206 0.0025312 113.798
410	1	10171.1	1.03436e+06	9981	11478	38522	0	0.1 Prefix 2298 50000 0.233469 185.027 Suffix 1166 50000 0.020678 198.035 Stem 5954 50000 0.195481 922.097 SubMorph 563 14093 0.0198613 107.114
420	1	10406.4	1.03416e+06	10167	11256	38744	1	0.1 Prefix 2394 50000 0.240574 200.56 Suffix 1176 50000 0.0782659 159.911 Stem 6045 50000 0.223793 886.871 SubMorph 552 14238 0.00427867 107.189
430	1	10643.7	1.03483e+06	10294	11087	38913	1	0.1 Prefix 2529 50000 0.274462 185.103 Suffix 1163 50000 0.0321642 178.3 Stem 6051 50000 0.202219 996.399 SubMorph 551 14308 0.032994 99.862
440	1	10892.4	1.0366e+06	10128	10826	39174	1	0.1 Prefix 2373 50000 0.246605 181.25 Suffix 1147 50000 0.0581803 168.164 Stem 6054 50000 0.217274 920.434 SubMorph 554 14223 0.00230201 111.995
450	1	11119.9	1.03379e+06	10239	11259	38741	0	0.1 Prefix 2309 50000 0.22572 201.366 Suffix 1184 50000 0.0557878 164.79 Stem 6183 50000 0.244921 860.577 SubMorph 563 14462 0.0140373 112.94
460	1	11344.3	1.03418e+06	10138	11289	38711	0	0.1 Prefix 2266 50000 0.224261 210.129 Suffix 1163 50000 0.0581206 165.326 Stem 6165 50000 0.211621 974.337 SubMorph 544 14398 0.000549397 102.772
470	1	11568.1	1.03163e+06	9979	11359	38641	0	0.1 Prefix 2248 50000 0.233243 195.189 Suffix 1085 50000 0.042482 156.446 Stem 6080 50000 0.206437 979.545 SubMorph 566 14308 0.00949387 113.373
480	1	11787	1.0328e+06	10058	11448	38552	0	0.1 Prefix 2215 50000 0.230628 170.489 Suffix 1183 50000 0.0757728 166.816 Stem 6093 50000 0.2058 961.65 SubMorph 567 14344 0.00715894 114.933
490	1	12006	1.03218e+06	10155	11252	38748	0	0.1 Prefix 2229 50000 0.221602 191.429 Suffix 1221 50000 0.105724 149.216 Stem 6145 50000 0.213195 953.478 SubMorph 560 14401 0.00128896 109.36
500	1	12226.8	1.03219e+06	10211	11384	38616	0	0.1 Prefix 2285 50000 0.265361 165.69 Suffix 1205 50000 0.0762498 151.524 Stem 6160 50000 0.221544 947.677 SubMorph 561 14439 0.00122609 111.119
