# D = 1, E = 1, I = 1, P = 0, R = -1, n = 500, N = 1, P = 0, w = 1, a = 0.1, b = 1000, e = 1, f = 1, g = 10, h = 0.1, r = 1629240567, s = 1, S = 0, x = 10, m = 0, Z = 1, z = 0, T = 1, t = 1
# 703628 tokens in 50000 sentences
#
# It	Temp	Time	-logP	tables	same	changed	reject	default_pya	(parent pym pyn pya pyb)*
0	1	20.3321	2.06582e+06	203080	0	50000	0	0.1 StemSuffixMorphs 50000 50000 0.1 1000 SubMorph 103080 103080 0.1 1000 Stem 50000 50000 0.1 1000
10	1	423.514	1.14915e+06	25650	20442	29558	0	0.1 StemSuffixMorphs 20627 50000 0.437639 4032.34 SubMorph 2113 40225 0.00162177 467.882 Stem 2910 20627 0.00205464 883.419
20	1	715.941	1.13449e+06	24418	20301	29699	0	0.1 StemSuffixMorphs 20508 50000 0.435044 3860.47 SubMorph 1554 44815 0.00520039 294.278 Stem 2356 20508 0.000905432 664.1
30	1	1021.16	1.11927e+06	24852	20883	29117	0	0.1 StemSuffixMorphs 21317 50000 0.437347 4264.61 SubMorph 1281 47382 0.00979981 228.853 Stem 2254 21317 0.00823761 609.235
40	1	1329.84	1.10843e+06	25049	21363	28637	0	0.1 StemSuffixMorphs 21634 50000 0.444788 4348.56 SubMorph 1135 47376 0.00440277 201.335 Stem 2280 21634 0.00284045 623.097
50	1	1630.93	1.10029e+06	25632	21791	28209	0	0.1 StemSuffixMorphs 22232 50000 0.449709 4582.25 SubMorph 1090 46159 0.0209513 167.781 Stem 2310 22232 0.00134958 634.04
60	1	1933.3	1.09515e+06	25923	22083	27917	0	0.1 StemSuffixMorphs 22576 50000 0.455952 4598.32 SubMorph 1048 46520 0.000580835 186.779 Stem 2299 22576 0.00222505 642.751
70	1	2233.35	1.09019e+06	26313	22428	27572	1	0.1 StemSuffixMorphs 22943 50000 0.465472 4599.58 SubMorph 1021 46473 0.036873 165.882 Stem 2349 22943 0.000481743 652.372
80	1	2534.65	1.08368e+06	26349	23384	26616	0	0.1 StemSuffixMorphs 23030 50000 0.472288 4500.76 SubMorph 989 45900 0.00118221 171.451 Stem 2330 23030 0.00210577 623.059
90	1	2839.73	1.08138e+06	26920	23204	26796	0	0.1 StemSuffixMorphs 23560 50000 0.492196 4486.7 SubMorph 962 45839 0.0442091 148.365 Stem 2398 23560 0.00373149 642.978
100	1	3140.76	1.078e+06	27212	23554	26446	0	0.1 StemSuffixMorphs 23832 50000 0.497073 4343.43 SubMorph 964 45961 0.0159409 154.382 Stem 2416 23832 0.00057023 636.726
110	1	3445.23	1.07275e+06	27248	24006	25994	0	0.1 StemSuffixMorphs 23872 50000 0.498825 4631.49 SubMorph 955 45889 0.0299022 150.188 Stem 2421 23872 0.000373754 655.426
120	1	3753.16	1.0704e+06	27362	24513	25487	0	0.1 StemSuffixMorphs 24040 50000 0.498557 4631.62 SubMorph 936 45822 0.0216234 156.748 Stem 2386 24040 0.00257819 665.822
130	1	4064.88	1.06714e+06	27388	24822	25178	0	0.1 StemSuffixMorphs 24048 50000 0.48867 5007.77 SubMorph 943 45471 0.0128773 157.999 Stem 2397 24048 0.00220804 625.174
140	1	4375.54	1.06448e+06	27538	25303	24697	0	0.1 StemSuffixMorphs 24159 50000 0.509582 4476.99 SubMorph 900 45040 0.0346871 135.479 Stem 2479 24159 3.67157e-05 670.72
150	1	4694.64	1.05558e+06	27387	25920	24080	0	0.1 StemSuffixMorphs 23971 50000 0.491115 4766.91 SubMorph 931 44732 0.048438 138.264 Stem 2485 23971 0.00438601 633.211
160	1	5006.5	1.0545e+06	27376	25984	24016	1	0.1 StemSuffixMorphs 23954 50000 0.496635 4560.94 SubMorph 917 45208 0.056151 122.81 Stem 2505 23954 0.000837563 698.587
170	1	5314.58	1.05253e+06	27503	26185	23815	0	0.1 StemSuffixMorphs 24125 50000 0.506923 4627.55 SubMorph 896 45055 0.0534788 129.92 Stem 2482 24125 0.00387081 672.386
180	1	5623.2	1.05025e+06	27481	26571	23429	1	0.1 StemSuffixMorphs 24105 50000 0.482044 5054.78 SubMorph 868 44942 0.00119463 149.712 Stem 2508 24105 0.000532629 666.51
190	1	5929.98	1.04942e+06	27555	26397	23603	0	0.1 StemSuffixMorphs 24118 50000 0.492491 4796.79 SubMorph 894 45529 0.00983101 147.028 Stem 2543 24118 0.000339201 668.683
200	1	6233.32	1.04581e+06	27523	26820	23180	0	0.1 StemSuffixMorphs 24121 50000 0.485733 4921.37 SubMorph 901 45314 0.0517629 127.291 Stem 2501 24121 0.000745426 679.576
210	1	6539.07	1.0442e+06	27655	27114	22886	1	0.1 StemSuffixMorphs 24260 50000 0.493668 4718.91 SubMorph 899 45341 0.0206167 147.92 Stem 2496 24260 0.00475232 677.541
220	1	6881.65	1.04308e+06	27348	27191	22809	0	0.1 StemSuffixMorphs 23964 50000 0.475463 5073.64 SubMorph 889 45310 0.0109009 144.602 Stem 2495 23964 0.00303557 671.28
230	1	7183.41	1.04448e+06	27477	26890	23110	0	0.1 StemSuffixMorphs 24065 50000 0.487403 4648.53 SubMorph 871 46143 0.0190058 139.95 Stem 2541 24065 0.00225274 713.548
240	1	7491.42	1.04242e+06	27481	27266	22734	0	0.1 StemSuffixMorphs 24069 50000 0.491951 4591.42 SubMorph 872 45840 0.026702 141.108 Stem 2540 24069 0.00232549 684.798
250	1	7823.92	1.04039e+06	27443	27590	22410	1	0.1 StemSuffixMorphs 24017 50000 0.495542 4677.46 SubMorph 866 45863 0.0183753 140.902 Stem 2560 24017 0.00114483 640.875
260	1	8135.83	1.03982e+06	27636	27708	22292	0	0.1 StemSuffixMorphs 24190 50000 0.50441 4556.95 SubMorph 892 45362 0.0850412 122.763 Stem 2554 24190 0.000208664 698.067
270	1	8442.56	1.04008e+06	27685	27572	22428	0	0.1 StemSuffixMorphs 24247 50000 0.499727 4748.84 SubMorph 907 45409 0.0660799 118.521 Stem 2531 24247 0.00592128 709.887
280	1	8751.76	1.03921e+06	27701	27884	22116	0	0.1 StemSuffixMorphs 24259 50000 0.509375 4526.15 SubMorph 874 45531 0.0424882 129.366 Stem 2568 24259 0.00101055 721.47
290	1	9057.32	1.03912e+06	27545	27757	22243	0	0.1 StemSuffixMorphs 24111 50000 0.495151 4547.57 SubMorph 868 45847 0.0519995 120.907 Stem 2566 24111 0.0112276 675.453
300	1	9369.92	1.03916e+06	27838	27685	22315	1	0.1 StemSuffixMorphs 24385 50000 0.510671 4539.13 SubMorph 903 45626 0.0771492 118.877 Stem 2550 24385 0.00206569 672.827
310	1	9677.93	1.03844e+06	27709	27943	22057	0	0.1 StemSuffixMorphs 24232 50000 0.493342 4812.76 SubMorph 884 45794 0.0557884 125.235 Stem 2593 24232 0.00692953 684.717
320	1	9988.35	1.03619e+06	27927	28313	21687	1	0.1 StemSuffixMorphs 24450 50000 0.519338 4332.33 SubMorph 867 45552 0.0241921 135.238 Stem 2610 24450 0.00232009 697.987
330	1	10295.9	1.03563e+06	27733	28540	21460	0	0.1 StemSuffixMorphs 24299 50000 0.500955 4776.24 SubMorph 865 45585 0.0130635 135.698 Stem 2569 24299 0.00724737 660.567
340	1	10604.5	1.03476e+06	27786	28542	21458	1	0.1 StemSuffixMorphs 24344 50000 0.49655 4797.16 SubMorph 872 45820 0.0947876 101.641 Stem 2570 24344 0.00241709 700.166
350	1	10914.5	1.0302e+06	27695	29249	20751	0	0.1 StemSuffixMorphs 24229 50000 0.495177 4796.16 SubMorph 891 45749 0.0842946 114.492 Stem 2575 24229 0.00190727 680.745
360	1	11223.8	1.02987e+06	27651	29240	20760	0	0.1 StemSuffixMorphs 24242 50000 0.513858 4454.38 SubMorph 888 45958 0.086336 115.938 Stem 2521 24242 0.000875766 672.081
370	1	11534.2	1.02953e+06	27689	29486	20514	0	0.1 StemSuffixMorphs 24222 50000 0.490098 4951.39 SubMorph 884 46168 0.0917186 108.325 Stem 2583 24222 0.00156528 692.512
380	1	11841.3	1.02918e+06	27781	29289	20711	1	0.1 StemSuffixMorphs 24278 50000 0.493001 4823.95 SubMorph 883 46407 0.0703669 115.461 Stem 2620 24278 1.9668e-05 694.413
390	1	12147.1	1.02895e+06	27775	29316	20684	1	0.1 StemSuffixMorphs 24360 50000 0.507476 4648.97 SubMorph 866 45992 0.0162202 140.828 Stem 2549 24360 0.000715712 718.617
400	1	12451.5	1.02682e+06	27550	29558	20442	1	0.1 StemSuffixMorphs 24165 50000 0.509138 4495.61 SubMorph 854 45988 0.0549656 117.967 Stem 2531 24165 0.00144749 690.127
410	1	12758.1	1.0266e+06	27638	29665	20335	0	0.1 StemSuffixMorphs 24209 50000 0.507847 4503.64 SubMorph 873 46317 0.0342675 141.689 Stem 2556 24209 0.00204817 693.158
420	1	13058.7	1.0272e+06	27566	29593	20407	0	0.1 StemSuffixMorphs 24122 50000 0.508438 4487.1 SubMorph 862 46315 0.00378698 143.351 Stem 2582 24122 0.00231782 694.768
430	1	13361.7	1.02737e+06	27516	29441	20559	1	0.1 StemSuffixMorphs 24027 50000 0.480704 4962.62 SubMorph 881 46219 0.0756621 106.211 Stem 2608 24027 0.00260577 710.576
440	1	13668.1	1.02707e+06	27655	29563	20437	0	0.1 StemSuffixMorphs 24160 50000 0.491052 4915.47 SubMorph 854 46419 0.0278058 125.34 Stem 2641 24160 0.00230903 727.621
450	1	13971	1.02606e+06	27671	29626	20374	0	0.1 StemSuffixMorphs 24184 50000 0.493906 4868.57 SubMorph 869 46126 0.0628308 113.4 Stem 2618 24184 0.000213332 704.313
460	1	14284.1	1.02554e+06	27693	29742	20258	0	0.1 StemSuffixMorphs 24216 50000 0.512103 4306.69 SubMorph 905 45800 0.00369257 153.135 Stem 2572 24216 0.00143827 688.819
470	1	14588.3	1.02466e+06	27730	29230	20770	0	0.1 StemSuffixMorphs 24271 50000 0.491655 4826.79 SubMorph 902 48372 0.0925492 102.192 Stem 2557 24271 0.0019106 710.012
480	1	14897.7	1.02378e+06	27583	29317	20683	0	0.1 StemSuffixMorphs 24107 50000 0.509078 4393.9 SubMorph 897 48691 0.0868429 115.059 Stem 2579 24107 0.00130141 718.826
490	1	15204.3	1.02258e+06	27590	29243	20757	0	0.1 StemSuffixMorphs 24116 50000 0.496703 4649.92 SubMorph 889 48598 0.0653712 114.844 Stem 2585 24116 0.00116197 713.036
500	1	15510.8	1.02295e+06	27681	29155	20845	0	0.1 StemSuffixMorphs 24164 50000 0.496984 4458.43 SubMorph 907 49183 0.0921915 107.129 Stem 2610 24164 0.00280751 714.987
