# D = 1, E = 1, I = 1, P = 0, R = -1, n = 500, N = 1, P = 0, w = 1, a = 0.1, b = 1000, e = 1, f = 1, g = 10, h = 0.1, r = 1629240551, s = 1, S = 0, x = 10, m = 0, Z = 1, z = 0, T = 1, t = 1
# 703628 tokens in 50000 sentences
#
# It	Temp	Time	-logP	tables	same	changed	reject	default_pya	(parent pym pyn pya pyb)*
0	1	17.769	2.15942e+06	253245	0	50000	0	0.1 Prefix 50000 50000 0.1 1000 Suffix 50000 50000 0.1 1000 Stem 50000 50000 0.1 1000 SubMorph 103245 103245 0.1 1000
10	1	654.384	1.24817e+06	19531	1181	48819	1	0.1 Prefix 6215 50000 0.0359611 1736.83 Suffix 5377 50000 0.000311892 1443.69 Stem 6735 50000 0.207956 1098.58 SubMorph 1204 13926 0.00281425 283.812
20	1	950.233	1.19217e+06	14994	1929	48071	0	0.1 Prefix 4864 50000 0.0340413 1151.98 Suffix 3604 50000 0.00356503 882.928 Stem 5706 50000 0.202953 851.916 SubMorph 820 13155 0.00721752 184.909
30	1	1227.69	1.16068e+06	13053	2659	47341	1	0.1 Prefix 4156 50000 0.0943319 794.373 Suffix 2814 50000 0.013973 595.411 Stem 5387 50000 0.186159 843.738 SubMorph 696 12850 0.00267552 149.571
40	1	1486.63	1.14087e+06	12344	3294	46706	0	0.1 Prefix 3759 50000 0.0955866 680.814 Suffix 2473 50000 0.000769061 530.508 Stem 5470 50000 0.197247 849.809 SubMorph 642 12924 0.00496675 141.575
50	1	1738.88	1.12486e+06	11780	3792	46208	0	0.1 Prefix 3560 50000 0.14688 536.544 Suffix 2149 50000 0.000336981 443.85 Stem 5464 50000 0.202416 824.779 SubMorph 607 12945 0.00957899 138.118
60	1	1985.65	1.11144e+06	11254	4423	45577	2	0.1 Prefix 3309 50000 0.13957 495.635 Suffix 1966 50000 7.1173e-06 405.285 Stem 5390 50000 0.200841 824.204 SubMorph 589 12910 0.0148449 122.495
70	1	2228.23	1.10361e+06	11207	4860	45140	0	0.1 Prefix 3303 50000 0.169876 427.946 Suffix 1878 50000 0.0235474 354.649 Stem 5444 50000 0.203334 814.096 SubMorph 582 13037 0.00806291 113.134
80	1	2467.86	1.09521e+06	10970	5301	44699	0	0.1 Prefix 3279 50000 0.20829 375.79 Suffix 1647 50000 0.0010474 325.594 Stem 5467 50000 0.19415 834.807 SubMorph 577 13174 0.000642798 121.612
90	1	2707.01	1.08591e+06	10836	5790	44210	0	0.1 Prefix 3234 50000 0.213996 348.033 Suffix 1566 50000 0.0054114 283.389 Stem 5484 50000 0.198135 806.552 SubMorph 552 13186 0.00134777 117.836
100	1	2941.18	1.07862e+06	10650	6423	43577	0	0.1 Prefix 3030 50000 0.191442 343.964 Suffix 1508 50000 0.0282977 259.774 Stem 5568 50000 0.216873 755.411 SubMorph 544 13319 0.00545431 108.649
110	1	3174.57	1.07544e+06	10609	6614	43386	0	0.1 Prefix 3007 50000 0.230437 300.782 Suffix 1464 50000 0.000927977 274.284 Stem 5592 50000 0.226317 762.958 SubMorph 546 13407 0.00713825 97.6437
120	1	3408.28	1.07059e+06	10461	7008	42992	0	0.1 Prefix 2838 50000 0.204368 298.611 Suffix 1508 50000 0.0318788 265.862 Stem 5568 50000 0.213081 805.738 SubMorph 547 13320 0.0344386 96.1565
130	1	3640.91	1.06992e+06	10464	7284	42716	1	0.1 Prefix 2890 50000 0.219494 287.833 Suffix 1506 50000 0.018982 261.727 Stem 5513 50000 0.208284 803.003 SubMorph 555 13351 0.0079608 123.643
140	1	3873.41	1.06622e+06	10416	7763	42237	0	0.1 Prefix 2845 50000 0.242046 248.431 Suffix 1495 50000 0.00690746 282.755 Stem 5529 50000 0.193471 838.036 SubMorph 547 13404 0.00725946 105.005
150	1	4103.46	1.06267e+06	10437	7802	42198	0	0.1 Prefix 2873 50000 0.237358 277.198 Suffix 1405 50000 0.0159545 248.542 Stem 5615 50000 0.197437 849.859 SubMorph 544 13494 0.00898484 96.1727
160	1	4336.8	1.06051e+06	10346	8117	41883	0	0.1 Prefix 2789 50000 0.213993 303.67 Suffix 1444 50000 0.0690949 200.837 Stem 5558 50000 0.228016 742.691 SubMorph 555 13365 0.000298229 115.055
170	1	4572.42	1.05727e+06	10282	8480	41520	0	0.1 Prefix 2722 50000 0.218457 248.932 Suffix 1413 50000 0.0196347 243.858 Stem 5589 50000 0.220013 797.899 SubMorph 558 13477 0.000619612 117.386
180	1	4808.04	1.05679e+06	10393	8583	41417	1	0.1 Prefix 2743 50000 0.25415 232.1 Suffix 1398 50000 0.0160084 257.885 Stem 5718 50000 0.233764 768.007 SubMorph 534 13718 0.00406145 110.653
190	1	5042.55	1.05488e+06	10347	8792	41208	1	0.1 Prefix 2701 50000 0.25993 210.53 Suffix 1384 50000 0.039204 223.061 Stem 5720 50000 0.233747 765.493 SubMorph 542 13702 0.0223799 114.312
200	1	5278.19	1.05269e+06	10120	8890	41110	1	0.1 Prefix 2590 50000 0.233808 246.865 Suffix 1313 50000 0.0386582 221.829 Stem 5679 50000 0.206014 849.446 SubMorph 538 13695 0.000109392 116.396
210	1	5511	1.05171e+06	10060	9269	40731	0	0.1 Prefix 2648 50000 0.243011 262.027 Suffix 1261 50000 0.0296223 204.181 Stem 5612 50000 0.199156 840.692 SubMorph 539 13617 0.0102749 100.203
220	1	5742.6	1.05065e+06	10205	9306	40694	0	0.1 Prefix 2636 50000 0.232829 247.373 Suffix 1313 50000 0.0501628 205.936 Stem 5736 50000 0.227765 780.238 SubMorph 520 13793 0.00287201 101.833
230	1	5971.01	1.04958e+06	10096	9474	40526	0	0.1 Prefix 2601 50000 0.234699 244.408 Suffix 1294 50000 0.0462806 196.849 Stem 5689 50000 0.20756 870.002 SubMorph 512 13743 0.0256981 93.4471
240	1	6199.2	1.04696e+06	10121	9787	40213	0	0.1 Prefix 2535 50000 0.233297 226.972 Suffix 1281 50000 0.0618146 191.41 Stem 5763 50000 0.245464 795.276 SubMorph 542 13837 0.00726755 98.427
250	1	6427.6	1.04847e+06	10113	9779	40221	0	0.1 Prefix 2563 50000 0.203732 274.709 Suffix 1345 50000 0.0994756 186.969 Stem 5684 50000 0.188414 923.101 SubMorph 521 13767 0.00880075 103.706
260	1	6658.89	1.04577e+06	10252	10172	39828	0	0.1 Prefix 2638 50000 0.247641 218.124 Suffix 1311 50000 0.0737184 177.944 Stem 5778 50000 0.225977 814.726 SubMorph 525 13803 0.00893848 113.247
270	1	6889.71	1.04464e+06	10133	10077	39923	0	0.1 Prefix 2464 50000 0.220916 229.12 Suffix 1318 50000 0.0570475 199.537 Stem 5823 50000 0.231626 808.819 SubMorph 528 13900 0.0151173 107.872
280	1	7125.02	1.04511e+06	10157	10069	39931	0	0.1 Prefix 2517 50000 0.219753 251.53 Suffix 1304 50000 0.0877404 162.649 Stem 5806 50000 0.233437 794.726 SubMorph 530 13907 0.0129542 97.6786
290	1	7353.55	1.04531e+06	10232	10202	39798	0	0.1 Prefix 2529 50000 0.252636 198.969 Suffix 1306 50000 0.0596036 200.896 Stem 5878 50000 0.222351 865.212 SubMorph 519 14013 0.017438 95.7259
300	1	7583.55	1.04639e+06	10172	9984	40016	0	0.1 Prefix 2459 50000 0.206352 249.252 Suffix 1264 50000 0.0444628 196.323 Stem 5916 50000 0.198614 895.818 SubMorph 533 14031 0.017129 99.2874
310	1	7814.24	1.04331e+06	10156	10457	39543	1	0.1 Prefix 2544 50000 0.236121 221.204 Suffix 1268 50000 0.0521223 193.362 Stem 5809 50000 0.201739 895.68 SubMorph 535 13934 0.00534954 95.8505
320	1	8048.35	1.04313e+06	10201	10480	39520	0	0.1 Prefix 2476 50000 0.193729 263.847 Suffix 1291 50000 0.118119 148.33 Stem 5900 50000 0.220184 842.359 SubMorph 534 14025 0.00965081 106.872
330	1	8279.64	1.04227e+06	10265	10484	39516	0	0.1 Prefix 2560 50000 0.264507 197.266 Suffix 1294 50000 0.0612931 179.783 Stem 5885 50000 0.206618 873.324 SubMorph 526 14066 0.0121766 106.349
340	1	8511.54	1.04108e+06	10208	10474	39526	1	0.1 Prefix 2504 50000 0.25252 216.759 Suffix 1274 50000 0.0872396 164.772 Stem 5893 50000 0.216638 830.663 SubMorph 537 14093 0.00673448 106.483
350	1	8741.39	1.04158e+06	10166	10549	39451	0	0.1 Prefix 2479 50000 0.251319 207.092 Suffix 1248 50000 0.0598855 182.184 Stem 5905 50000 0.19859 907.839 SubMorph 534 14098 0.00607018 106.312
360	1	8971.93	1.04026e+06	10176	10594	39406	1	0.1 Prefix 2395 50000 0.224044 196.978 Suffix 1335 50000 0.0738345 186.982 Stem 5912 50000 0.195418 906.576 SubMorph 534 14161 0.0101676 96.1821
370	1	9200.76	1.03876e+06	10085	10649	39351	0	0.1 Prefix 2320 50000 0.204337 230.475 Suffix 1305 50000 0.132533 145.101 Stem 5925 50000 0.192806 902.851 SubMorph 535 14049 0.0182167 93.1692
380	1	9430.74	1.03816e+06	10149	10539	39461	1	0.1 Prefix 2438 50000 0.242762 228.591 Suffix 1254 50000 0.0573262 177.441 Stem 5912 50000 0.214478 888.824 SubMorph 545 14133 0.000815093 109.604
390	1	9660.27	1.03907e+06	10072	10843	39157	0	0.1 Prefix 2339 50000 0.213806 201.257 Suffix 1279 50000 0.0720656 179.702 Stem 5886 50000 0.216811 871.509 SubMorph 568 14153 0.000300131 113.86
400	1	9891.83	1.04012e+06	10223	10667	39333	0	0.1 Prefix 2391 50000 0.247736 191.9 Suffix 1295 50000 0.0822641 172.762 Stem 5986 50000 0.212021 903.23 SubMorph 551 14262 0.0433764 100.776
410	1	10123.1	1.04138e+06	10293	10707	39293	1	0.1 Prefix 2492 50000 0.253181 218.598 Suffix 1315 50000 0.111535 157.762 Stem 5932 50000 0.211222 870.93 SubMorph 554 14193 0.0119151 118.246
420	1	10351	1.03999e+06	10292	11005	38995	0	0.1 Prefix 2413 50000 0.231024 213.194 Suffix 1311 50000 0.0969045 166.351 Stem 6029 50000 0.199123 953.67 SubMorph 539 14269 0.00133826 113.69
430	1	10581	1.04237e+06	10302	10845	39155	1	0.1 Prefix 2533 50000 0.257741 210.701 Suffix 1260 50000 0.0959706 165.411 Stem 5977 50000 0.19196 1020.18 SubMorph 532 14261 0.0161295 102.925
440	1	10812.1	1.04184e+06	10314	11212	38788	0	0.1 Prefix 2554 50000 0.271932 183.051 Suffix 1284 50000 0.0303818 220.328 Stem 5944 50000 0.195502 984.246 SubMorph 532 14244 0.0188737 95.1393
450	1	11040.4	1.03928e+06	10242	11659	38341	1	0.1 Prefix 2464 50000 0.228199 193.714 Suffix 1257 50000 0.0862733 160.577 Stem 5997 50000 0.213097 876.342 SubMorph 524 14312 0.0174128 99.3648
460	1	11267.1	1.03883e+06	10222	11564	38436	0	0.1 Prefix 2415 50000 0.238105 199.959 Suffix 1295 50000 0.0818538 177.484 Stem 5980 50000 0.188476 965.987 SubMorph 532 14328 0.00274059 114.525
470	1	11494.9	1.03833e+06	10181	11554	38446	0	0.1 Prefix 2465 50000 0.263651 191.352 Suffix 1229 50000 0.0589699 173.552 Stem 5956 50000 0.216277 876.473 SubMorph 531 14352 0.028826 92.7156
480	1	11722	1.03626e+06	10197	11977	38023	0	0.1 Prefix 2439 50000 0.263341 176.211 Suffix 1265 50000 0.0805902 181.499 Stem 5957 50000 0.203278 927.358 SubMorph 536 14323 0.00123844 107.443
490	1	11950.4	1.03839e+06	10386	11703	38297	0	0.1 Prefix 2494 50000 0.246793 214.137 Suffix 1304 50000 0.104126 168.71 Stem 6057 50000 0.217632 938.097 SubMorph 531 14410 0.00801914 105.768
500	1	12180.5	1.03547e+06	10309	11663	38337	0	0.1 Prefix 2501 50000 0.266211 202.969 Suffix 1297 50000 0.100159 164.785 Stem 5985 50000 0.209644 902.313 SubMorph 526 14368 0.0219474 100.842
