# D = 1, E = 1, I = 1, P = 0, R = -1, n = 500, N = 1, P = 0, w = 1, a = 0.1, b = 1000, e = 1, f = 1, g = 10, h = 0.1, r = 1629240483, s = 1, S = 0, x = 10, m = 0, Z = 1, z = 0, T = 1, t = 1
# 703628 tokens in 50000 sentences
#
# It	Temp	Time	-logP	tables	same	changed	reject	default_pya	(parent pym pyn pya pyb)*
0	1	21.0232	2.50741e+06	419529	0	50000	0	0.1 StemSuffixMorphs 50000 50000 0.1 1000 PrefixMorph 113537 113537 0.1 1000 Stem 50000 50000 0.1 1000 SubMorph 103097 103097 0.1 1000 SuffixMorph 102895 102895 0.1 1000
10	1	1760.38	1.50006e+06	53014	5005	44995	0	0.1 StemSuffixMorphs 25386 50000 0.553115 4097.48 PrefixMorph 15438 82163 0.442545 1105.41 Stem 3924 25386 0.0843278 1009.35 SubMorph 933 8279 0.000457065 243.272 SuffixMorph 7333 41797 0.381167 690.669
20	1	2526.27	1.36198e+06	48980	7907	42093	0	0.1 StemSuffixMorphs 27040 50000 0.592304 3959.42 PrefixMorph 11408 71969 0.515051 465.741 Stem 3668 27040 0.0176333 1042.31 SubMorph 650 8440 0.00692265 152.81 SuffixMorph 6214 41587 0.468622 316.667
30	1	3098.79	1.25756e+06	45316	10719	39281	0	0.1 StemSuffixMorphs 27200 50000 0.593208 4334.84 PrefixMorph 8194 65841 0.509951 223.58 Stem 3698 27200 0.00445145 1106.75 SubMorph 569 8875 0.000380834 133.411 SuffixMorph 5655 39327 0.517957 191.955
40	1	3599.27	1.21506e+06	42550	11659	38341	0	0.1 StemSuffixMorphs 27594 50000 0.61008 4065.65 PrefixMorph 6095 63798 0.451457 212.058 Stem 3799 27594 0.0304068 1041.51 SubMorph 532 9057 0.0146806 115.641 SuffixMorph 4530 37837 0.52462 118.855
50	1	4069.31	1.19724e+06	40515	12468	37532	0	0.1 StemSuffixMorphs 27922 50000 0.606165 4390.27 PrefixMorph 4543 62891 0.344324 294.524 Stem 3821 27922 0.0157812 1088.31 SubMorph 535 9256 4.8681e-05 112.325 SuffixMorph 3694 37124 0.471151 95.7016
60	1	4509.42	1.18587e+06	38948	12780	37220	0	0.1 StemSuffixMorphs 28128 50000 0.601422 4461.11 PrefixMorph 3601 62094 0.272661 306.348 Stem 3832 28128 0.00292691 1114.81 SubMorph 509 9288 0.00102305 114.996 SuffixMorph 2878 37150 0.403531 129.388
70	1	4933.44	1.16352e+06	38314	12975	37025	0	0.1 StemSuffixMorphs 28748 50000 0.629096 4123.67 PrefixMorph 3034 61390 0.231893 258.403 Stem 3833 28748 0.00197623 1162.92 SubMorph 507 9380 0.0315662 100.92 SuffixMorph 2192 36627 0.36201 97.0879
80	1	5346.69	1.1551e+06	37870	13069	36931	1	0.1 StemSuffixMorphs 29007 50000 0.633637 4319.47 PrefixMorph 2544 61020 0.190003 256.202 Stem 3941 29007 0.0196236 1131.49 SubMorph 503 9575 0.000807497 108.5 SuffixMorph 1875 36558 0.30937 108.068
90	1	5741.81	1.14185e+06	37331	13405	36595	0	0.1 StemSuffixMorphs 29108 50000 0.635216 4050.67 PrefixMorph 2266 60607 0.135066 282.927 Stem 3959 29108 0.014628 1164.28 SubMorph 482 9633 0.00829145 105.016 SuffixMorph 1516 36128 0.256298 120.947
100	1	6142.27	1.1356e+06	37238	13475	36525	0	0.1 StemSuffixMorphs 29339 50000 0.635959 4416.67 PrefixMorph 2127 60305 0.1061 289.091 Stem 3979 29339 0.00306048 1186.57 SubMorph 479 9757 0.00899787 111.958 SuffixMorph 1314 36300 0.173025 148.742
110	1	6532.14	1.12796e+06	37070	13600	36400	0	0.1 StemSuffixMorphs 29448 50000 0.65116 3964.55 PrefixMorph 2093 60048 0.144919 249.534 Stem 3948 29448 0.0249194 1092.87 SubMorph 476 9764 0.028499 78.1152 SuffixMorph 1105 36397 0.164837 92.6132
120	1	6909.31	1.12245e+06	36700	13968	36032	1	0.1 StemSuffixMorphs 29385 50000 0.633536 4463.62 PrefixMorph 1937 59819 0.115143 243.231 Stem 3984 29385 0.00745395 1163.27 SubMorph 477 9830 0.0173535 98.5043 SuffixMorph 917 36347 0.0703608 121.73
130	1	7276.85	1.11565e+06	36768	13989	36011	0	0.1 StemSuffixMorphs 29704 50000 0.647451 4309.94 PrefixMorph 1751 59548 0.0697248 258.934 Stem 4052 29704 0.000835343 1210.09 SubMorph 464 9966 0.00705993 96.9818 SuffixMorph 797 36335 0.0349175 131.471
140	1	7649.96	1.11271e+06	36781	13851	36149	1	0.1 StemSuffixMorphs 29863 50000 0.65379 3916.31 PrefixMorph 1653 59596 0.0780731 237.059 Stem 4029 29863 0.00339912 1185.48 SubMorph 475 9953 0.00809322 95.878 SuffixMorph 761 36538 0.0531024 106.689
150	1	8010.56	1.10479e+06	36460	14191	35809	1	0.1 StemSuffixMorphs 29767 50000 0.639513 4297.57 PrefixMorph 1481 59301 0.0335742 239.339 Stem 4086 29767 0.0231818 1194.86 SubMorph 466 10040 0.0107082 103.085 SuffixMorph 660 36311 0.0173206 109.519
160	1	8371.48	1.1026e+06	36406	14434	35566	0	0.1 StemSuffixMorphs 29750 50000 0.651733 3943.55 PrefixMorph 1394 59331 0.0078804 254.613 Stem 4120 29750 0.00372447 1259.44 SubMorph 456 10117 0.0175072 82.6477 SuffixMorph 686 36254 0.00664112 112.675
170	1	8731.44	1.10033e+06	36534	14333	35667	0	0.1 StemSuffixMorphs 29896 50000 0.647952 4239.23 PrefixMorph 1401 59075 0.0277 230.889 Stem 4097 29896 0.00881472 1206.31 SubMorph 468 10144 0.00396321 93.1718 SuffixMorph 672 36316 0.00479833 105.645
180	1	9087.49	1.09765e+06	36508	14569	35431	0	0.1 StemSuffixMorphs 29932 50000 0.6601 3812.83 PrefixMorph 1413 59003 0.0460235 213.164 Stem 4040 29932 0.0141121 1155.25 SubMorph 456 10075 0.00754558 90.8262 SuffixMorph 667 36290 0.0530098 97.5755
190	1	9484.85	1.0966e+06	36681	14791	35209	0	0.1 StemSuffixMorphs 30076 50000 0.652272 4380.26 PrefixMorph 1346 58740 0.0321386 213.347 Stem 4157 30076 0.00184881 1222.95 SubMorph 474 10238 0.00494406 102.575 SuffixMorph 628 36366 0.00553876 103.033
200	1	9865.61	1.0955e+06	36750	14810	35190	0	0.1 StemSuffixMorphs 30135 50000 0.655176 4125.8 PrefixMorph 1372 58697 0.0413989 215.581 Stem 4101 30135 0.00604077 1174.39 SubMorph 444 10287 0.0130302 85.2195 SuffixMorph 698 36378 0.0537307 97.788
210	1	10240.1	1.08964e+06	37021	14860	35140	0	0.1 StemSuffixMorphs 30390 50000 0.663542 4159.88 PrefixMorph 1317 58365 0.0236695 223.926 Stem 4216 30390 0.00138122 1239.73 SubMorph 491 10353 0.00310568 102.104 SuffixMorph 607 36274 0.0111081 96.7143
220	1	10609.8	1.08734e+06	37134	14863	35137	0	0.1 StemSuffixMorphs 30645 50000 0.662326 4272.18 PrefixMorph 1293 58315 0.0021415 228.131 Stem 4133 30645 0.00709636 1177.55 SubMorph 481 10315 0.00423301 102.587 SuffixMorph 582 36279 0.0248482 88.9491
230	1	10974.3	1.0816e+06	37081	15101	34899	2	0.1 StemSuffixMorphs 30526 50000 0.660398 4276.96 PrefixMorph 1290 58171 0.0328242 191.556 Stem 4214 30526 0.0105939 1287.33 SubMorph 445 10480 0.00232041 93.831 SuffixMorph 606 35740 0.0472888 79.2007
240	1	11335.8	1.07987e+06	37249	15144	34856	0	0.1 StemSuffixMorphs 30804 50000 0.6614 4491.18 PrefixMorph 1218 58013 0.0211877 196.524 Stem 4176 30804 0.00352748 1206.93 SubMorph 455 10470 0.00358038 98.773 SuffixMorph 596 35738 0.0221629 90.6315
250	1	11699	1.07316e+06	37428	15464	34536	0	0.1 StemSuffixMorphs 30920 50000 0.67908 4004.67 PrefixMorph 1280 57563 0.020838 210.973 Stem 4219 30920 0.0013844 1221.22 SubMorph 448 10579 0.0218982 90.9797 SuffixMorph 561 35626 0.00911442 90.5466
260	1	12061	1.07176e+06	37693	15573	34427	0	0.1 StemSuffixMorphs 31087 50000 0.683709 3760.43 PrefixMorph 1286 57331 0.0103715 220.052 Stem 4371 31087 0.00682157 1311.12 SubMorph 437 10882 0.0346558 78.9199 SuffixMorph 512 35551 0.00521341 80.5711
270	1	12423.8	1.07119e+06	37717	15511	34489	0	0.1 StemSuffixMorphs 31120 50000 0.674482 4078.69 PrefixMorph 1269 57373 0.0453219 189.669 Stem 4317 31120 0.00694051 1287.59 SubMorph 472 10809 0.00132549 93.629 SuffixMorph 539 35540 0.0270197 77.3321
280	1	12799.3	1.07038e+06	38032	15497	34503	0	0.1 StemSuffixMorphs 31322 50000 0.682239 4050.02 PrefixMorph 1345 57078 0.0859542 193.995 Stem 4354 31322 0.00529281 1305.92 SubMorph 461 10927 0.0583387 75.4876 SuffixMorph 550 35685 0.0154342 89.3307
290	1	13161	1.06785e+06	38125	15508	34492	0	0.1 StemSuffixMorphs 31469 50000 0.693697 3672.12 PrefixMorph 1282 57015 0.0396779 191.451 Stem 4359 31469 0.012915 1285.26 SubMorph 463 10891 0.0293815 88.942 SuffixMorph 552 35193 0.0143441 94.4147
300	1	13530.3	1.06892e+06	38170	15318	34682	0	0.1 StemSuffixMorphs 31437 50000 0.682986 4130.45 PrefixMorph 1298 56995 0.0299454 217.966 Stem 4427 31437 0.0043659 1356.98 SubMorph 470 11016 0.0195108 80.6999 SuffixMorph 538 35174 0.0160815 84.2308
310	1	13895.5	1.06571e+06	38495	15543	34457	0	0.1 StemSuffixMorphs 31706 50000 0.689571 4098.04 PrefixMorph 1304 56684 0.019037 212.82 Stem 4434 31706 0.000700734 1382.41 SubMorph 471 11099 0.00823187 99.3992 SuffixMorph 580 35482 0.0472252 83.406
320	1	14265.5	1.06397e+06	38436	15547	34453	0	0.1 StemSuffixMorphs 31683 50000 0.696374 3939.95 PrefixMorph 1265 56703 0.0613199 186.945 Stem 4451 31683 0.0175975 1263.97 SubMorph 472 11162 0.0109294 89.7915 SuffixMorph 565 35303 0.0201723 81.1339
330	1	14630.7	1.06253e+06	38693	15506	34494	0	0.1 StemSuffixMorphs 31947 50000 0.694938 3843.15 PrefixMorph 1276 56510 0.0202364 211.434 Stem 4478 31947 0.0038937 1357.94 SubMorph 459 11263 0.0209489 89.2896 SuffixMorph 533 35483 0.0039903 91.403
340	1	15000.5	1.05886e+06	38539	15622	34378	0	0.1 StemSuffixMorphs 31790 50000 0.691069 3855.62 PrefixMorph 1235 56479 0.0418435 179.435 Stem 4499 31790 0.00296242 1364.69 SubMorph 463 11358 0.0342662 84.0694 SuffixMorph 552 35256 0.0519157 72.9754
350	1	15366.2	1.05918e+06	38378	15743	34257	0	0.1 StemSuffixMorphs 31703 50000 0.685361 4407.67 PrefixMorph 1209 56325 0.029866 190.216 Stem 4474 31703 0.0110202 1326.95 SubMorph 448 11269 0.00249577 85.6977 SuffixMorph 544 35292 0.0384133 74.3582
360	1	15742.9	1.05885e+06	38522	15524	34476	0	0.1 StemSuffixMorphs 31755 50000 0.691488 3752.69 PrefixMorph 1205 56161 0.0107069 193.11 Stem 4515 31755 0.0129262 1336.02 SubMorph 471 11436 0.00461403 97.7977 SuffixMorph 576 35103 0.0706955 70.2322
370	1	16113.3	1.05736e+06	38720	15646	34354	0	0.1 StemSuffixMorphs 31987 50000 0.698209 3907.28 PrefixMorph 1224 56128 0.0462973 174.57 Stem 4524 31987 0.00580731 1380.28 SubMorph 462 11387 0.00805365 90.1066 SuffixMorph 523 35435 0.0465862 74.2283
380	1	16482.3	1.05484e+06	38570	15890	34110	0	0.1 StemSuffixMorphs 31857 50000 0.678013 4423.22 PrefixMorph 1193 55984 0.0382828 190.058 Stem 4522 31857 0.0107781 1321.46 SubMorph 460 11459 0.0241795 84.9965 SuffixMorph 538 35098 0.0283031 78.8062
390	1	16846.6	1.05133e+06	38649	16185	33815	1	0.1 StemSuffixMorphs 31942 50000 0.700368 3896.41 PrefixMorph 1140 55718 0.0104506 201.12 Stem 4582 31942 0.0190019 1382.56 SubMorph 453 11492 0.011649 95.3092 SuffixMorph 532 35117 0.0120912 84.2683
400	1	17215.8	1.0497e+06	38907	16241	33759	0	0.1 StemSuffixMorphs 32222 50000 0.707898 3769.46 PrefixMorph 1162 55587 0.00595244 204.398 Stem 4547 32222 0.012558 1314.67 SubMorph 451 11564 0.0274879 81.6416 SuffixMorph 525 35191 0.0214138 81.1738
410	1	17576.1	1.04906e+06	38923	16338	33662	0	0.1 StemSuffixMorphs 32228 50000 0.700147 3936.53 PrefixMorph 1123 55517 0.00843219 190.681 Stem 4590 32228 0.000266601 1376.41 SubMorph 465 11626 0.0024139 94.2117 SuffixMorph 517 35191 0.0174423 78.7613
420	1	17942.7	1.04859e+06	39114	16116	33884	0	0.1 StemSuffixMorphs 32408 50000 0.698757 4063.11 PrefixMorph 1130 55501 0.0474603 166.942 Stem 4596 32408 0.0135772 1348.12 SubMorph 460 11650 0.0112062 87.375 SuffixMorph 520 35287 0.00535065 80.076
430	1	18301.1	1.04801e+06	39011	15942	34058	0	0.1 StemSuffixMorphs 32297 50000 0.698851 4070.27 PrefixMorph 1176 55376 0.0171584 187.533 Stem 4544 32297 0.00139929 1364.54 SubMorph 464 11559 0.0048858 88.311 SuffixMorph 530 35238 0.0601165 69.9077
440	1	18661.3	1.04942e+06	39004	16016	33984	1	0.1 StemSuffixMorphs 32237 50000 0.706219 3963.56 PrefixMorph 1199 55359 0.0401248 186.144 Stem 4580 32237 0.00184753 1443.71 SubMorph 463 11675 0.00783168 88.7101 SuffixMorph 525 35243 0.0692527 59.9408
450	1	19029.4	1.04919e+06	39094	15793	34207	1	0.1 StemSuffixMorphs 32278 50000 0.701187 3960.65 PrefixMorph 1245 55207 0.0630531 175.748 Stem 4566 32278 0.00704144 1370.45 SubMorph 474 11674 0.0356 90.021 SuffixMorph 531 35222 0.0048511 86.5524
460	1	19393.7	1.04854e+06	39346	15908	34092	1	0.1 StemSuffixMorphs 32544 50000 0.708437 4045.08 PrefixMorph 1196 55058 0.0539888 176.972 Stem 4640 32544 0.0164426 1377.4 SubMorph 462 11850 0.00343471 104.286 SuffixMorph 504 35420 0.00460681 76.6935
470	1	19756.9	1.0475e+06	39017	15935	34065	0	0.1 StemSuffixMorphs 32297 50000 0.7067 3669.37 PrefixMorph 1171 55040 0.0438824 165.812 Stem 4608 32297 0.0201865 1325.59 SubMorph 457 11785 0.0292866 86.2888 SuffixMorph 484 35209 0.0493739 63.2628
480	1	20116.1	1.04304e+06	39506	16162	33838	0	0.1 StemSuffixMorphs 32528 50000 0.70697 3882.55 PrefixMorph 1219 54148 0.0619763 176.133 Stem 4776 32528 0.0167343 1413.47 SubMorph 466 12079 0.00540486 90.5186 SuffixMorph 517 35421 0.0213513 79.0412
490	1	20481.4	1.03961e+06	39350	16467	33533	1	0.1 StemSuffixMorphs 32471 50000 0.705578 4114.55 PrefixMorph 1185 53918 0.0134136 192.502 Stem 4698 32471 0.0125113 1391.03 SubMorph 482 12037 0.00718842 103.468 SuffixMorph 514 35271 0.0152993 80.3512
500	1	20843.6	1.03769e+06	39389	16748	33252	0	0.1 StemSuffixMorphs 32569 50000 0.707458 4182.65 PrefixMorph 1121 53823 4.75e-06 188.093 Stem 4687 32569 0.00393046 1447.3 SubMorph 482 11970 0.030939 82.6752 SuffixMorph 530 35346 0.0363036 77.2131
