# D = 1, E = 1, I = 1, P = 0, R = -1, n = 500, N = 1, P = 0, w = 1, a = 0.1, b = 1000, e = 1, f = 1, g = 10, h = 0.1, r = 1629240496, s = 1, S = 0, x = 10, m = 0, Z = 1, z = 0, T = 1, t = 1
# 703628 tokens in 50000 sentences
#
# It	Temp	Time	-logP	tables	same	changed	reject	default_pya	(parent pym pyn pya pyb)*
0	1	20.6162	2.50735e+06	419666	0	50000	0	0.1 StemSuffixMorphs 50000 50000 0.1 1000 PrefixMorph 113404 113404 0.1 1000 Stem 50000 50000 0.1 1000 SubMorph 103267 103267 0.1 1000 SuffixMorph 102995 102995 0.1 1000
10	1	1562.18	1.54779e+06	53801	4065	45935	0	0.1 StemSuffixMorphs 25605 50000 0.551782 4169.42 PrefixMorph 16363 85172 0.431931 1315.86 Stem 3857 25605 0.0571465 1041.88 SubMorph 941 8201 0.00445845 262.08 SuffixMorph 7035 42982 0.328471 857.006
20	1	2255.26	1.38804e+06	49703	6914	43086	0	0.1 StemSuffixMorphs 26704 50000 0.592331 4035.12 PrefixMorph 12058 73625 0.504821 536.277 Stem 3803 26704 0.0935101 934.667 SubMorph 663 8718 0.0190502 158.636 SuffixMorph 6475 41770 0.462444 306.3
30	1	2831.56	1.3011e+06	46145	8805	41195	0	0.1 StemSuffixMorphs 27137 50000 0.605611 3842.77 PrefixMorph 9036 68479 0.493105 322.427 Stem 3840 27137 0.0398271 1070.49 SubMorph 585 9066 0.000472869 122.363 SuffixMorph 5547 39967 0.485293 224.306
40	1	3336.96	1.24846e+06	42611	10455	39545	0	0.1 StemSuffixMorphs 27172 50000 0.591919 4343.81 PrefixMorph 6214 64838 0.415484 260.859 Stem 3896 27172 0.0530921 1037.41 SubMorph 505 9283 0.00119792 111.132 SuffixMorph 4824 39029 0.501153 165.118
50	1	3791.39	1.21278e+06	40676	11343	38657	0	0.1 StemSuffixMorphs 27568 50000 0.597109 4388.66 PrefixMorph 5132 63508 0.37406 267.892 Stem 3776 27568 0.0012994 1140.99 SubMorph 500 9213 0.0195902 102.17 SuffixMorph 3700 37872 0.465661 131.949
60	1	4217.94	1.19179e+06	39336	11824	38176	2	0.1 StemSuffixMorphs 27907 50000 0.609214 4429.26 PrefixMorph 3973 62377 0.290708 317.418 Stem 3823 27907 0.0191341 1079.19 SubMorph 507 9383 0.0115552 104.509 SuffixMorph 3126 37284 0.45489 95.5613
70	1	4630.11	1.171e+06	38344	12138	37862	0	0.1 StemSuffixMorphs 28450 50000 0.6284 3985.62 PrefixMorph 2992 61279 0.189819 325.971 Stem 3893 28450 0.00613672 1154.27 SubMorph 492 9426 0.00115326 105.419 SuffixMorph 2517 36770 0.412316 115.97
80	1	5034.99	1.15326e+06	37280	12813	37187	0	0.1 StemSuffixMorphs 28361 50000 0.618918 4024.38 PrefixMorph 2510 60401 0.115189 351.873 Stem 3935 28361 0.000663691 1212.42 SubMorph 506 9617 0.00977875 115.273 SuffixMorph 1968 36242 0.309354 140.123
90	1	5428.77	1.14637e+06	37087	13131	36869	1	0.1 StemSuffixMorphs 28567 50000 0.628545 4310.84 PrefixMorph 2401 60054 0.150193 292.978 Stem 3894 28567 0.0282186 1122.08 SubMorph 514 9610 0.0221207 117.225 SuffixMorph 1711 36502 0.302928 104.146
100	1	5817.06	1.14168e+06	36676	13529	36471	0	0.1 StemSuffixMorphs 28586 50000 0.625746 4119.89 PrefixMorph 2199 59801 0.0926843 314.619 Stem 3970 28586 0.0265319 1124.81 SubMorph 504 9775 0.0203662 102.179 SuffixMorph 1417 36392 0.187821 138.026
110	1	6187.1	1.13622e+06	36703	13669	36331	0	0.1 StemSuffixMorphs 28821 50000 0.644865 3977.23 PrefixMorph 1978 59615 0.0855902 269.008 Stem 4033 28821 0.0110399 1187.84 SubMorph 468 9826 0.00197179 101.289 SuffixMorph 1403 36571 0.198472 139.118
120	1	6554.81	1.12791e+06	36451	13675	36325	0	0.1 StemSuffixMorphs 28991 50000 0.639263 3902.59 PrefixMorph 1833 59402 0.0338576 316.526 Stem 3916 28991 0.00363163 1138.5 SubMorph 482 9736 0.0334472 90.1164 SuffixMorph 1229 36268 0.140033 149.524
130	1	6921.7	1.12075e+06	36381	13759	36241	0	0.1 StemSuffixMorphs 29026 50000 0.644794 3851.08 PrefixMorph 1827 59308 0.0860568 265.856 Stem 3994 29026 0.018727 1136.14 SubMorph 440 9899 0.0108335 91.2456 SuffixMorph 1094 36045 0.0884647 149.102
140	1	7284.95	1.11792e+06	36490	13797	36203	1	0.1 StemSuffixMorphs 29243 50000 0.645242 4071.12 PrefixMorph 1812 58949 0.0660063 283.516 Stem 3965 29243 0.0118919 1137.34 SubMorph 457 9895 0.0105069 92.3925 SuffixMorph 1013 36236 0.0542521 158.881
150	1	7653.3	1.10986e+06	36269	13958	36042	0	0.1 StemSuffixMorphs 29352 50000 0.657295 3702.31 PrefixMorph 1613 58890 0.0612078 243.072 Stem 3994 29352 0.00116602 1179.05 SubMorph 446 9975 0.0209438 88.6609 SuffixMorph 864 36354 0.0789183 114.644
160	1	8013.47	1.10303e+06	36313	14174	35826	1	0.1 StemSuffixMorphs 29395 50000 0.66969 3480.8 PrefixMorph 1603 58772 0.0211461 275.52 Stem 4054 29395 0.0283672 1132.7 SubMorph 462 10101 0.0149298 99.0967 SuffixMorph 799 35831 0.0453974 116.942
170	1	8377.56	1.09186e+06	36457	14305	35695	0	0.1 StemSuffixMorphs 29842 50000 0.660526 3989.54 PrefixMorph 1479 58534 0.0489307 231.683 Stem 4003 29842 0.0104438 1169.01 SubMorph 451 10054 0.00596681 86.1685 SuffixMorph 682 35626 0.0429103 94.6563
180	1	8740.56	1.08778e+06	36494	14634	35366	0	0.1 StemSuffixMorphs 29877 50000 0.662516 3849.74 PrefixMorph 1401 58297 0.00899916 239.988 Stem 4098 29877 0.0111774 1178.49 SubMorph 484 10221 0.00468314 99.2417 SuffixMorph 634 35675 0.031036 97.4685
190	1	9095.79	1.08244e+06	36527	14697	35303	0	0.1 StemSuffixMorphs 30058 50000 0.670795 3632.25 PrefixMorph 1376 58287 0.0325024 213.643 Stem 4061 30058 0.00790432 1161.48 SubMorph 449 10145 0.0142606 94.2999 SuffixMorph 583 35340 0.0161027 95.1578
200	1	9452.89	1.08285e+06	36917	14753	35247	0	0.1 StemSuffixMorphs 30372 50000 0.676136 3874.29 PrefixMorph 1371 58102 0.00260815 243.3 Stem 4119 30372 0.00424158 1194.22 SubMorph 467 10254 0.0358032 95.6488 SuffixMorph 588 35543 0.0166675 82.1115
210	1	9812.8	1.08039e+06	36935	14765	35235	0	0.1 StemSuffixMorphs 30417 50000 0.677364 3650.49 PrefixMorph 1344 58062 0.02334 218.32 Stem 4116 30417 0.00172692 1257.95 SubMorph 468 10281 0.0179595 97.7536 SuffixMorph 590 35488 0.045435 80.2984
220	1	10175.4	1.07742e+06	36975	15119	34881	0	0.1 StemSuffixMorphs 30381 50000 0.675505 3804.7 PrefixMorph 1332 57806 0.0644632 172.699 Stem 4235 30381 0.0228535 1218.29 SubMorph 453 10507 0.0283146 78.5058 SuffixMorph 574 35455 0.0136685 88.4379
230	1	10534.5	1.07718e+06	37028	15058	34942	0	0.1 StemSuffixMorphs 30553 50000 0.67402 3914.8 PrefixMorph 1276 57714 0.0183235 207.194 Stem 4204 30553 0.00245691 1258.75 SubMorph 450 10510 0.0109516 100.797 SuffixMorph 545 35597 0.0082383 78.3047
240	1	10891	1.07654e+06	37055	14935	35065	0	0.1 StemSuffixMorphs 30535 50000 0.681865 3692.58 PrefixMorph 1302 57536 0.0332868 210.199 Stem 4203 30535 0.00685339 1227.52 SubMorph 449 10485 0.000221835 98.2668 SuffixMorph 566 35577 0.0351097 88.7821
250	1	11241.4	1.07369e+06	37008	15008	34992	1	0.1 StemSuffixMorphs 30469 50000 0.684296 3637.15 PrefixMorph 1320 57461 0.018358 214.718 Stem 4229 30469 0.00700949 1265.04 SubMorph 437 10632 0.0181177 89.9106 SuffixMorph 553 35431 0.0152984 84.5756
260	1	11591.9	1.07086e+06	37139	14966	35034	1	0.1 StemSuffixMorphs 30636 50000 0.685675 3569.18 PrefixMorph 1300 57420 0.0211098 208.922 Stem 4226 30636 0.0126667 1232.74 SubMorph 453 10688 0.00172612 92.9452 SuffixMorph 524 35416 0.00915833 86.6083
270	1	11951.4	1.06686e+06	37239	15255	34745	0	0.1 StemSuffixMorphs 30782 50000 0.688831 3656.79 PrefixMorph 1249 57226 0.00598862 216.622 Stem 4234 30782 0.00441846 1290.94 SubMorph 451 10629 0.00208024 97.1426 SuffixMorph 523 35574 0.0144417 83.3969
280	1	12306.6	1.06486e+06	37279	15274	34726	0	0.1 StemSuffixMorphs 30811 50000 0.686383 3556.73 PrefixMorph 1247 57146 0.0260563 210.45 Stem 4265 30811 0.00567624 1293.61 SubMorph 451 10761 0.0295115 85.6079 SuffixMorph 505 35533 0.0478619 73.2605
290	1	12668	1.06522e+06	37195	15149	34851	0	0.1 StemSuffixMorphs 30776 50000 0.679766 3848.77 PrefixMorph 1230 57105 0.00747998 211.762 Stem 4252 30776 0.00924734 1270.01 SubMorph 457 10763 0.0126237 86.5405 SuffixMorph 480 35478 0.0270163 69.9748
300	1	13020.9	1.06302e+06	37216	15196	34804	0	0.1 StemSuffixMorphs 30740 50000 0.679137 3869.95 PrefixMorph 1265 57066 0.0326245 195.943 Stem 4297 30740 0.00692211 1248.15 SubMorph 445 10841 0.00158428 98.192 SuffixMorph 469 35418 0.00230813 75.3574
310	1	13375.6	1.06306e+06	37418	14858	35142	0	0.1 StemSuffixMorphs 30925 50000 0.686216 3751.08 PrefixMorph 1256 56979 0.0425474 205.452 Stem 4297 30925 0.0434931 1176.37 SubMorph 459 10854 0.0108475 89.4891 SuffixMorph 481 35365 0.0087433 72.3305
320	1	13745.1	1.06172e+06	37453	15092	34908	0	0.1 StemSuffixMorphs 30915 50000 0.67687 4146.97 PrefixMorph 1249 56830 0.0334411 198.117 Stem 4331 30915 0.00609088 1245.3 SubMorph 448 10900 0.00657391 89.4215 SuffixMorph 510 35117 0.0119907 81.8295
330	1	14117.6	1.06614e+06	37546	14855	35145	0	0.1 StemSuffixMorphs 31010 50000 0.690376 3655.28 PrefixMorph 1259 56746 0.0125108 220.914 Stem 4296 31010 0.0108599 1294.93 SubMorph 464 10882 0.00626262 99.9385 SuffixMorph 517 35229 0.0115412 82.2469
340	1	14478.5	1.06521e+06	37632	14786	35214	0	0.1 StemSuffixMorphs 31083 50000 0.677222 4265.16 PrefixMorph 1330 56746 0.0562786 201.748 Stem 4291 31083 0.00691298 1298.05 SubMorph 456 10883 0.0216944 88.4902 SuffixMorph 472 35179 0.0023659 76.6555
350	1	14832.4	1.06507e+06	37779	14731	35269	0	0.1 StemSuffixMorphs 31196 50000 0.69649 3771.02 PrefixMorph 1276 56699 0.00723483 210.688 Stem 4365 31196 0.0189514 1263.8 SubMorph 458 10997 0.000614475 101.186 SuffixMorph 484 35277 0.0113075 78.8679
360	1	15183.1	1.06227e+06	37781	15078	34922	0	0.1 StemSuffixMorphs 31277 50000 0.697526 3708.46 PrefixMorph 1203 56405 0.0237463 197.37 Stem 4355 31277 0.00330985 1257.4 SubMorph 439 11053 0.022942 85.8707 SuffixMorph 507 35321 0.0123889 78.2001
370	1	15534.3	1.06042e+06	37737	15029	34971	0	0.1 StemSuffixMorphs 31147 50000 0.692732 3810.03 PrefixMorph 1253 56329 0.0658026 173.734 Stem 4330 31147 0.00435746 1271.49 SubMorph 453 11035 0.0177198 82.1079 SuffixMorph 554 35058 0.00107933 86.3937
380	1	15902.1	1.0611e+06	37827	15065	34935	0	0.1 StemSuffixMorphs 31188 50000 0.68751 4089.98 PrefixMorph 1219 56163 0.0385171 191.218 Stem 4416 31188 0.00731182 1337.34 SubMorph 455 11185 0.00661162 92.9341 SuffixMorph 549 35115 0.0137997 84.3901
390	1	16252.4	1.05991e+06	38008	15181	34819	0	0.1 StemSuffixMorphs 31386 50000 0.692618 3775.32 PrefixMorph 1195 56142 0.061288 184.805 Stem 4426 31386 0.00210349 1327.58 SubMorph 440 11233 0.0168419 83.6629 SuffixMorph 561 35205 0.00511194 89.7167
400	1	16608	1.05981e+06	37982	15155	34845	0	0.1 StemSuffixMorphs 31389 50000 0.689194 4019.78 PrefixMorph 1202 56090 0.0355788 176.286 Stem 4364 31389 0.0133901 1278.04 SubMorph 457 11129 0.0229253 81.9255 SuffixMorph 570 35323 0.0118281 85.0651
410	1	16975.7	1.05811e+06	37846	15550	34450	0	0.1 StemSuffixMorphs 31220 50000 0.691498 3713.15 PrefixMorph 1234 55953 0.0338328 191.044 Stem 4416 31220 0.00794539 1308.79 SubMorph 448 11164 0.00312741 90.0266 SuffixMorph 528 35083 0.000381945 75.5766
420	1	17334.3	1.05625e+06	37953	15751	34249	0	0.1 StemSuffixMorphs 31280 50000 0.700387 3550.62 PrefixMorph 1199 55933 0.027849 191.031 Stem 4489 31280 0.0127339 1334.23 SubMorph 431 11336 0.0194861 84.6735 SuffixMorph 554 35174 0.0105264 85.1332
430	1	17687.9	1.05467e+06	37873	15858	34142	1	0.1 StemSuffixMorphs 31288 50000 0.693982 3826.68 PrefixMorph 1200 55838 0.0444453 172.359 Stem 4391 31288 0.000234454 1332.21 SubMorph 434 11191 0.0293542 86.4486 SuffixMorph 560 35113 0.0180055 88.0537
440	1	18041.6	1.04996e+06	37931	16176	33824	1	0.1 StemSuffixMorphs 31364 50000 0.68982 3862.65 PrefixMorph 1184 55287 0.0340082 180.505 Stem 4439 31364 0.00172904 1374.43 SubMorph 441 11299 0.0217014 78.6321 SuffixMorph 503 35293 0.0125525 83.5166
450	1	18396.3	1.05049e+06	37934	16322	33678	0	0.1 StemSuffixMorphs 31313 50000 0.692129 3937.45 PrefixMorph 1125 55082 0.0452294 166.528 Stem 4480 31313 0.00423519 1405.55 SubMorph 456 11420 0.0133916 86.4277 SuffixMorph 560 35128 0.00328609 92.4936
460	1	18750.4	1.05295e+06	38010	16020	33980	0	0.1 StemSuffixMorphs 31407 50000 0.697085 3715.21 PrefixMorph 1112 55068 0.0154747 174.178 Stem 4473 31407 0.0209835 1235.62 SubMorph 458 11380 0.00494746 87.1595 SuffixMorph 560 35269 0.0269114 81.1859
470	1	19112.1	1.04875e+06	38028	16172	33828	0	0.1 StemSuffixMorphs 31416 50000 0.703604 3391.26 PrefixMorph 1119 54885 0.00590387 186.368 Stem 4505 31416 0.00118121 1376.51 SubMorph 446 11458 0.00619819 88.6541 SuffixMorph 542 35217 0.00672823 94.904
480	1	19474.9	1.04956e+06	38112	16158	33842	0	0.1 StemSuffixMorphs 31506 50000 0.698163 3771.49 PrefixMorph 1133 54890 0.0205275 187.381 Stem 4516 31506 0.00154975 1362.16 SubMorph 455 11477 0.00113531 85.9505 SuffixMorph 502 35196 0.000346352 86.4121
490	1	19827.6	1.04692e+06	38108	16327	33673	0	0.1 StemSuffixMorphs 31464 50000 0.693829 3889.9 PrefixMorph 1147 54595 0.00462905 184.497 Stem 4486 31464 0.000687154 1372.36 SubMorph 470 11479 0.0186549 98.667 SuffixMorph 541 34986 0.0306053 81.6464
500	1	20185.9	1.04527e+06	38383	16403	33597	0	0.1 StemSuffixMorphs 31653 50000 0.70265 3848.07 PrefixMorph 1140 54404 0.024846 182.994 Stem 4569 31653 0.011705 1337.64 SubMorph 452 11608 0.0105495 92.1445 SuffixMorph 569 35260 0.0492009 86.356
