# D = 1, E = 1, I = 1, P = 0, R = -1, n = 500, N = 1, P = 0, w = 1, a = 0.1, b = 1000, e = 1, f = 1, g = 10, h = 0.1, r = 1629240503, s = 1, S = 0, x = 10, m = 0, Z = 1, z = 0, T = 1, t = 1
# 703628 tokens in 50000 sentences
#
# It	Temp	Time	-logP	tables	same	changed	reject	default_pya	(parent pym pyn pya pyb)*
0	1	20.8085	2.50759e+06	419431	0	50000	0	0.1 StemSuffixMorphs 50000 50000 0.1 1000 PrefixMorph 112937 112937 0.1 1000 Stem 50000 50000 0.1 1000 SubMorph 103484 103484 0.1 1000 SuffixMorph 103010 103010 0.1 1000
10	1	1636.83	1.50348e+06	52719	5161	44839	0	0.1 StemSuffixMorphs 25571 50000 0.546644 4370.26 PrefixMorph 15257 81888 0.433887 1180.94 Stem 4136 25571 0.0677757 1135.97 SubMorph 917 8617 0.00429334 264.786 SuffixMorph 6838 41636 0.347251 777.755
20	1	2257.99	1.33623e+06	48064	7823	42177	0	0.1 StemSuffixMorphs 26715 50000 0.580064 4362.93 PrefixMorph 11155 70837 0.533448 353.259 Stem 3922 26715 0.0744471 1039.43 SubMorph 658 8958 0.0020821 153.832 SuffixMorph 5614 39787 0.446099 323.462
30	1	2790.05	1.2859e+06	44922	9380	40620	0	0.1 StemSuffixMorphs 27350 50000 0.607884 3927 PrefixMorph 8311 67881 0.483622 322.205 Stem 3936 27350 0.030415 1165.96 SubMorph 564 9172 0.0130531 116.763 SuffixMorph 4761 39097 0.428235 254.297
40	1	3269.11	1.23702e+06	42248	10523	39477	0	0.1 StemSuffixMorphs 27823 50000 0.620481 3862.8 PrefixMorph 6093 65215 0.405104 342.891 Stem 3956 27823 0.030955 1126.6 SubMorph 534 9282 0.0335136 108.812 SuffixMorph 3842 37595 0.453624 155.179
50	1	3720.23	1.21747e+06	40723	11197	38803	0	0.1 StemSuffixMorphs 28311 50000 0.623493 4169.43 PrefixMorph 4982 63893 0.3625 274.278 Stem 3914 28311 0.0209886 1133.93 SubMorph 524 9267 0.0172796 107.522 SuffixMorph 2992 37452 0.370221 176.598
60	1	4139.18	1.19833e+06	39390	11829	38171	0	0.1 StemSuffixMorphs 28271 50000 0.623168 4029.12 PrefixMorph 4130 63062 0.316587 272.837 Stem 3944 28271 0.000340558 1167.63 SubMorph 510 9407 0.00366097 109.639 SuffixMorph 2535 37251 0.367021 130.681
70	1	4555.08	1.18129e+06	38607	12180	37820	1	0.1 StemSuffixMorphs 28633 50000 0.621819 4134.1 PrefixMorph 3429 62163 0.248928 312.227 Stem 3881 28633 0.00587601 1139.87 SubMorph 502 9470 0.0277478 109.966 SuffixMorph 2162 36979 0.339085 100.992
80	1	4957.23	1.16883e+06	37924	12523	37477	1	0.1 StemSuffixMorphs 28836 50000 0.630693 4117.55 PrefixMorph 2852 61686 0.212941 271.722 Stem 3904 28836 0.00884001 1146.92 SubMorph 505 9501 0.00747274 103.41 SuffixMorph 1827 36807 0.296675 113.663
90	1	5363.4	1.15786e+06	37156	12671	37329	0	0.1 StemSuffixMorphs 28867 50000 0.640248 3860.47 PrefixMorph 2363 61316 0.134396 278.027 Stem 3838 28867 0.00708756 1104.5 SubMorph 510 9460 0.00611261 106.469 SuffixMorph 1578 36812 0.254951 105.82
100	1	5747.85	1.14452e+06	37327	12928	37072	0	0.1 StemSuffixMorphs 29268 50000 0.637392 4143.41 PrefixMorph 2235 60728 0.129365 267.786 Stem 3938 29268 0.00200724 1172.32 SubMorph 477 9633 0.00078949 103.149 SuffixMorph 1409 36330 0.216555 125.267
110	1	6118.33	1.1349e+06	37242	13123	36877	0	0.1 StemSuffixMorphs 29385 50000 0.642109 4146.42 PrefixMorph 2051 60400 0.110233 262.027 Stem 4048 29385 0.017975 1181.56 SubMorph 484 9888 0.0245633 102.475 SuffixMorph 1274 36024 0.207894 121.257
120	1	6497.06	1.13173e+06	37050	13236	36764	0	0.1 StemSuffixMorphs 29555 50000 0.643194 4189.17 PrefixMorph 1823 60156 0.0498608 292.13 Stem 4038 29555 0.00175289 1222.92 SubMorph 487 9919 0.00383326 107.305 SuffixMorph 1147 36102 0.148325 126.119
130	1	6859.4	1.12806e+06	37184	13111	36889	0	0.1 StemSuffixMorphs 29856 50000 0.655261 3974.32 PrefixMorph 1771 59917 0.0293878 311.992 Stem 4103 29856 0.0134747 1177.61 SubMorph 475 10077 0.00902545 99.2342 SuffixMorph 979 36265 0.125112 112.378
140	1	7224.07	1.12361e+06	37189	13248	36752	0	0.1 StemSuffixMorphs 29877 50000 0.661405 3860.18 PrefixMorph 1759 59641 0.0622711 264.154 Stem 4119 29877 0.00305727 1246.7 SubMorph 479 10147 0.00728159 98.0965 SuffixMorph 955 36111 0.0777443 133.743
150	1	7591.15	1.12184e+06	37355	13504	36496	0	0.1 StemSuffixMorphs 29960 50000 0.661058 3810.06 PrefixMorph 1684 59523 0.00563401 302.905 Stem 4220 29960 0.00861019 1284.83 SubMorph 489 10288 0.012312 100.365 SuffixMorph 1002 36155 0.164829 93.8132
160	1	7963.02	1.11601e+06	37351	13647	36353	1	0.1 StemSuffixMorphs 30099 50000 0.670586 3968.66 PrefixMorph 1653 59362 0.0655797 239.869 Stem 4240 30099 0.0114221 1245.91 SubMorph 480 10374 0.0433493 91.568 SuffixMorph 879 36244 0.0956343 106.315
170	1	8324.31	1.10686e+06	37017	13813	36187	0	0.1 StemSuffixMorphs 30035 50000 0.667385 3711.75 PrefixMorph 1496 58984 0.022368 254.415 Stem 4243 30035 0.00338476 1297.99 SubMorph 464 10402 0.0354356 92.2222 SuffixMorph 779 35873 0.055159 117.481
180	1	8700.91	1.10361e+06	37116	13707	36293	0	0.1 StemSuffixMorphs 30146 50000 0.664154 3756.24 PrefixMorph 1515 58830 0.0683369 215.048 Stem 4244 30146 0.00775646 1292.13 SubMorph 457 10405 0.00940998 93.5126 SuffixMorph 754 35867 0.00871976 119.846
190	1	9058.88	1.09718e+06	37369	13936	36064	0	0.1 StemSuffixMorphs 30366 50000 0.676367 3801.91 PrefixMorph 1460 58664 0.0874899 193.129 Stem 4350 30366 0.00112271 1345.02 SubMorph 440 10686 0.00387594 90.2584 SuffixMorph 753 35698 0.0153112 129.064
200	1	9411.46	1.09052e+06	37210	14258	35742	0	0.1 StemSuffixMorphs 30370 50000 0.674594 3696.69 PrefixMorph 1353 58406 0.0399697 208.691 Stem 4377 30370 0.00285831 1337.7 SubMorph 451 10790 0.00440059 96.6136 SuffixMorph 659 35534 0.026748 107.328
210	1	9775.81	1.09124e+06	37619	14009	35991	0	0.1 StemSuffixMorphs 30743 50000 0.67263 4112.44 PrefixMorph 1338 58152 0.0292384 218.661 Stem 4379 30743 0.0121254 1306.7 SubMorph 460 10810 0.0188586 95.9318 SuffixMorph 699 35984 0.0755224 93.4911
220	1	10142.5	1.08848e+06	37705	14100	35900	0	0.1 StemSuffixMorphs 30855 50000 0.689008 3550.82 PrefixMorph 1303 58003 0.0360931 213.822 Stem 4394 30855 0.00477835 1346.15 SubMorph 478 10912 0.00685052 91.0465 SuffixMorph 675 36086 0.0773369 99.0887
230	1	10501.1	1.08305e+06	37730	14497	35503	1	0.1 StemSuffixMorphs 30904 50000 0.678623 3773.94 PrefixMorph 1255 57566 0.00827127 209.706 Stem 4460 30904 0.00563193 1324.61 SubMorph 475 11014 0.00608091 101.712 SuffixMorph 636 35723 0.0308856 89.9539
240	1	10867.7	1.07991e+06	37703	14909	35091	0	0.1 StemSuffixMorphs 30896 50000 0.682223 3830.94 PrefixMorph 1281 57566 0.0490603 183.352 Stem 4438 30896 0.0173249 1320.48 SubMorph 459 10999 0.0296548 81.9826 SuffixMorph 629 35757 0.022121 98.8336
250	1	11228.7	1.07672e+06	37882	14817	35183	0	0.1 StemSuffixMorphs 31111 50000 0.687399 3817.22 PrefixMorph 1232 57448 0.0483221 177.111 Stem 4416 31111 0.0186585 1306.65 SubMorph 463 10970 0.00113935 92.4421 SuffixMorph 660 35666 0.0184152 107.617
260	1	11605.7	1.07841e+06	38249	14460	35540	0	0.1 StemSuffixMorphs 31359 50000 0.683467 4052.69 PrefixMorph 1297 57135 0.0577249 183.687 Stem 4503 31359 0.000224961 1415.47 SubMorph 459 11178 0.00172315 92.0217 SuffixMorph 631 35931 0.0467778 93.0814
270	1	11989.6	1.07592e+06	38094	14613	35387	1	0.1 StemSuffixMorphs 31279 50000 0.686433 3902.02 PrefixMorph 1309 57189 0.0723925 179.002 Stem 4477 31279 0.00529215 1313.23 SubMorph 444 11142 0.0248145 86.7401 SuffixMorph 585 35798 0.00850987 96.271
280	1	12351.1	1.07142e+06	38093	14815	35185	0	0.1 StemSuffixMorphs 31367 50000 0.691709 3820.31 PrefixMorph 1198 57119 0.0126963 201.542 Stem 4475 31367 0.00591258 1374.16 SubMorph 465 11155 0.0169077 94.7002 SuffixMorph 588 35759 0.0143887 93.5047
290	1	12707.9	1.07411e+06	38148	14838	35162	0	0.1 StemSuffixMorphs 31213 50000 0.694931 3597.52 PrefixMorph 1255 57006 0.0466381 190.577 Stem 4544 31213 0.00842157 1322.85 SubMorph 486 11330 0.000953949 104.556 SuffixMorph 650 35604 0.10122 73.4457
300	1	13070.9	1.07226e+06	38043	14941	35059	0	0.1 StemSuffixMorphs 31211 50000 0.685219 3850.83 PrefixMorph 1217 56962 0.00168193 214.694 Stem 4547 31211 0.0121754 1364.03 SubMorph 484 11290 0.00688874 95.9723 SuffixMorph 584 35545 0.0240482 83.0329
310	1	13421.3	1.0721e+06	38344	14770	35230	0	0.1 StemSuffixMorphs 31443 50000 0.686359 4059 PrefixMorph 1258 56907 0.043776 186.63 Stem 4570 31443 0.00249365 1396.4 SubMorph 480 11370 0.0289748 86.584 SuffixMorph 593 35745 0.0414261 85.3027
320	1	13768.7	1.07158e+06	38442	14550	35450	0	0.1 StemSuffixMorphs 31588 50000 0.693158 3895.7 PrefixMorph 1199 56874 0.0404485 178.36 Stem 4594 31588 0.0182116 1384.65 SubMorph 478 11372 0.00286098 101.729 SuffixMorph 583 35794 0.029088 85.9798
330	1	14113.1	1.06856e+06	38227	14625	35375	0	0.1 StemSuffixMorphs 31458 50000 0.691251 3954.17 PrefixMorph 1169 56775 0.0254301 182.653 Stem 4591 31458 0.0333287 1341.8 SubMorph 476 11426 0.00893659 91.977 SuffixMorph 533 35657 0.0487139 65.7447
340	1	14468.5	1.06888e+06	38368	14611	35389	1	0.1 StemSuffixMorphs 31495 50000 0.693436 3910.84 PrefixMorph 1191 56567 0.0154068 197.707 Stem 4603 31495 0.0134815 1413.83 SubMorph 500 11552 0.00761269 108.637 SuffixMorph 579 35746 0.0199647 86.2738
350	1	14830.8	1.06543e+06	38265	14794	35206	0	0.1 StemSuffixMorphs 31575 50000 0.694277 3757.28 PrefixMorph 1150 56422 0.0371163 170.986 Stem 4472 31575 0.00157861 1352.49 SubMorph 481 11330 0.00262942 92.3117 SuffixMorph 587 35835 0.0165381 98.9311
360	1	15199	1.06151e+06	38647	14964	35036	0	0.1 StemSuffixMorphs 31904 50000 0.700333 3728.56 PrefixMorph 1146 56382 0.0159346 184.837 Stem 4581 31904 0.00775056 1441.71 SubMorph 477 11461 0.0306136 93.3444 SuffixMorph 539 35467 0.032855 77.4044
370	1	15558.4	1.05683e+06	38760	14929	35071	1	0.1 StemSuffixMorphs 32042 50000 0.69349 4165.86 PrefixMorph 1171 56175 0.00366377 208.48 Stem 4598 32042 0.0058102 1384.23 SubMorph 460 11512 0.00687158 82.897 SuffixMorph 489 35509 0.0307679 72.7361
380	1	15925.6	1.05907e+06	38733	15173	34827	0	0.1 StemSuffixMorphs 31978 50000 0.701041 3786.4 PrefixMorph 1198 56049 0.0125053 208.08 Stem 4568 31978 0.0125901 1328.73 SubMorph 477 11507 0.0048625 100.485 SuffixMorph 512 35487 0.0120974 73.7858
390	1	16282.8	1.06102e+06	38665	14857	35143	0	0.1 StemSuffixMorphs 31911 50000 0.701819 3868.97 PrefixMorph 1166 56129 0.0214136 192.476 Stem 4582 31911 0.00792703 1380.88 SubMorph 486 11494 8.59519e-05 105.551 SuffixMorph 520 35419 0.0131299 88.7369
400	1	16639	1.05807e+06	38838	15092	34908	0	0.1 StemSuffixMorphs 32067 50000 0.698167 3898.17 PrefixMorph 1146 55939 0.0121058 192.277 Stem 4657 32067 0.00399323 1410.21 SubMorph 493 11678 0.0283216 89.2672 SuffixMorph 475 35518 0.0116622 77.7762
410	1	17002.1	1.05814e+06	39129	14984	35016	0	0.1 StemSuffixMorphs 32330 50000 0.708276 3903.09 PrefixMorph 1192 55693 0.00501936 210.339 Stem 4577 32330 0.0124955 1377.28 SubMorph 488 11598 0.0026277 99.8901 SuffixMorph 542 35657 0.0303402 80.91
420	1	17368.2	1.05753e+06	39001	15146	34854	1	0.1 StemSuffixMorphs 32161 50000 0.704376 3820.14 PrefixMorph 1251 55640 0.0529853 174.282 Stem 4613 32161 0.00057852 1458.71 SubMorph 486 11697 0.00799353 107.424 SuffixMorph 490 35497 0.0024332 79.3649
430	1	17726.9	1.05585e+06	39131	15498	34502	1	0.1 StemSuffixMorphs 32245 50000 0.715794 3464.4 PrefixMorph 1218 55471 0.0490164 183.059 Stem 4689 32245 0.00573415 1453.44 SubMorph 465 11781 0.00333503 96.6673 SuffixMorph 514 35373 0.00165296 79.0394
440	1	18084	1.05431e+06	39118	15661	34339	0	0.1 StemSuffixMorphs 32222 50000 0.710013 3859.64 PrefixMorph 1192 55477 0.00747326 206.848 Stem 4711 32222 0.00145586 1466.85 SubMorph 474 11882 0.0473238 85.2529 SuffixMorph 519 35447 0.0362701 75.9204
450	1	18456	1.05482e+06	39267	15785	34215	0	0.1 StemSuffixMorphs 32384 50000 0.714611 3880.48 PrefixMorph 1144 55434 0.00500733 204.056 Stem 4732 32384 0.00673971 1439.5 SubMorph 479 11882 0.025805 89.663 SuffixMorph 528 35547 0.00806595 86.8437
460	1	18821	1.05499e+06	39257	15815	34185	0	0.1 StemSuffixMorphs 32376 50000 0.716426 3734.17 PrefixMorph 1185 55316 0.0316705 178.067 Stem 4674 32376 0.00181064 1439.44 SubMorph 478 11821 0.0155734 90.0714 SuffixMorph 544 35568 0.008162 84.6101
470	1	19185	1.05459e+06	39278	15913	34087	0	0.1 StemSuffixMorphs 32424 50000 0.714154 3754.49 PrefixMorph 1136 55248 0.00596533 198.992 Stem 4685 32424 0.00194746 1425.25 SubMorph 487 11850 0.00978166 96.0991 SuffixMorph 546 35596 0.00753772 90.7998
480	1	19554.9	1.05461e+06	39293	15919	34081	0	0.1 StemSuffixMorphs 32351 50000 0.709362 3853.86 PrefixMorph 1147 55090 0.0371589 175.611 Stem 4731 32351 0.00675396 1453.47 SubMorph 504 11954 0.00689746 95.2945 SuffixMorph 560 35444 0.0200859 89.1116
490	1	19912.8	1.05427e+06	39340	15726	34274	0	0.1 StemSuffixMorphs 32458 50000 0.700989 4076.89 PrefixMorph 1128 55043 0.0133741 173.777 Stem 4701 32458 0.0122078 1386.46 SubMorph 469 11931 0.0131769 96.2703 SuffixMorph 584 35499 0.00567037 83.6031
500	1	20283.8	1.05174e+06	39249	16034	33966	2	0.1 StemSuffixMorphs 32461 50000 0.711953 3889 PrefixMorph 1157 55075 0.0114 191.259 Stem 4630 32461 0.00200744 1413.92 SubMorph 464 11801 0.0016139 95.1469 SuffixMorph 537 35511 0.0423694 74.7608
