# D = 1, E = 1, I = 1, P = 0, R = -1, n = 500, N = 1, P = 0, w = 1, a = 0.1, b = 1000, e = 1, f = 1, g = 10, h = 0.1, r = 1629240461, s = 1, S = 0, x = 10, m = 0, Z = 1, z = 0, T = 1, t = 1
# 703628 tokens in 50000 sentences
#
# It	Temp	Time	-logP	tables	same	changed	reject	default_pya	(parent pym pyn pya pyb)*
0	1	18.6919	2.60114e+06	469759	0	50000	0	0.1 Prefix 50000 50000 0.1 1000 Suffix 50000 50000 0.1 1000 Stem 50000 50000 0.1 1000 PrefixMorph 113554 113554 0.1 1000 SuffixMorph 103032 103032 0.1 1000 SubMorph 103173 103173 0.1 1000
10	1	1416.93	1.29984e+06	26594	857	49143	0	0.1 Prefix 6770 50000 0.0855911 1660.16 Suffix 5747 50000 0.0030228 1586.36 Stem 6959 50000 0.213886 1072.2 PrefixMorph 2832 12000 0.438597 254.277 SuffixMorph 3192 8492 0.568923 292.618 SubMorph 1094 10640 0.0017861 302.11
20	1	1779.05	1.22468e+06	20055	1612	48388	0	0.1 Prefix 5600 50000 0.1862 894.832 Suffix 3874 50000 0.00224004 948.394 Stem 5598 50000 0.179988 961.672 PrefixMorph 1982 9666 0.432195 183.841 SuffixMorph 2238 5667 0.64941 92.9904 SubMorph 763 9505 0.000870674 184.96
30	1	2130.47	1.18704e+06	17056	2312	47688	1	0.1 Prefix 5086 50000 0.228272 656.868 Suffix 3055 50000 0.000498314 709.082 Stem 5194 50000 0.160726 907.157 PrefixMorph 1243 8749 0.314939 139.37 SuffixMorph 1809 4567 0.693159 61.1282 SubMorph 669 9244 0.00542789 169.969
40	1	2452.68	1.16101e+06	15401	2872	47128	0	0.1 Prefix 4836 50000 0.261672 534.668 Suffix 2583 50000 0.00381549 564.426 Stem 5190 50000 0.17825 776.037 PrefixMorph 937 8161 0.133929 185.694 SuffixMorph 1274 3886 0.607142 55.4499 SubMorph 581 9341 0.00349001 130.834
50	1	2735.88	1.14421e+06	14511	3492	46508	0	0.1 Prefix 5114 50000 0.318118 441.405 Suffix 2279 50000 0.00323204 469.997 Stem 4845 50000 0.156819 807.743 PrefixMorph 731 8305 0.0184438 181.034 SuffixMorph 968 3542 0.59546 38.1297 SubMorph 574 9066 0.00379957 135.514
60	1	3013.45	1.13558e+06	14018	3770	46230	0	0.1 Prefix 5054 50000 0.365527 347.9 Suffix 2148 50000 0.0264997 393.147 Stem 4884 50000 0.153262 797.367 PrefixMorph 623 8252 0.000582935 155.403 SuffixMorph 742 3347 0.524399 42.4282 SubMorph 567 9196 0.0308503 115.015
70	1	3291.25	1.12507e+06	13635	4301	45699	2	0.1 Prefix 4990 50000 0.327493 437.054 Suffix 2024 50000 0.00136358 420.74 Stem 4790 50000 0.141345 827.514 PrefixMorph 594 8000 0.0330596 127.201 SuffixMorph 705 3222 0.457156 55.4614 SubMorph 532 9180 0.00975561 120.114
80	1	3561.43	1.11586e+06	13542	4535	45465	1	0.1 Prefix 5128 50000 0.396956 275.803 Suffix 1964 50000 0.0151065 374.398 Stem 4752 50000 0.151395 800.764 PrefixMorph 560 8045 0.0183433 124.226 SuffixMorph 582 3091 0.444353 41.5403 SubMorph 556 9151 0.0130591 117.366
90	1	3834.06	1.11039e+06	13517	4943	45057	0	0.1 Prefix 5268 50000 0.383696 338.732 Suffix 1903 50000 0.0448164 314.178 Stem 4733 50000 0.150931 786.209 PrefixMorph 557 8114 0.000594658 132.014 SuffixMorph 510 2940 0.386333 37.7401 SubMorph 546 9174 0.000883504 125.968
100	1	4104.44	1.10717e+06	13177	5133	44867	1	0.1 Prefix 5142 50000 0.382179 306.567 Suffix 1860 50000 0.0429662 318.729 Stem 4677 50000 0.122483 864.945 PrefixMorph 528 7909 0.0273849 111.257 SuffixMorph 448 2904 0.335383 41.0402 SubMorph 522 9229 0.00133428 109.942
110	1	4375.57	1.10401e+06	13260	5347	44653	0	0.1 Prefix 5141 50000 0.401925 262.705 Suffix 1854 50000 0.0842348 275.85 Stem 4777 50000 0.14359 813.736 PrefixMorph 558 7870 0.0278433 121.736 SuffixMorph 395 2848 0.235615 56.115 SubMorph 535 9373 0.00376094 121.471
120	1	4648.04	1.09753e+06	13032	5543	44457	0	0.1 Prefix 5120 50000 0.416258 236.591 Suffix 1734 50000 0.0437924 284.795 Stem 4754 50000 0.146276 839.599 PrefixMorph 525 7717 0.0286835 112.297 SuffixMorph 376 2668 0.240989 50.7019 SubMorph 523 9437 0.0211987 120.477
130	1	4919.39	1.09516e+06	13013	5862	44138	0	0.1 Prefix 5185 50000 0.396688 284.373 Suffix 1709 50000 0.0385373 299.523 Stem 4748 50000 0.149285 787.885 PrefixMorph 524 7738 0.00978902 122.894 SuffixMorph 324 2618 0.078996 68.0559 SubMorph 523 9476 0.00151979 106.856
140	1	5184.95	1.08942e+06	12923	6067	43933	0	0.1 Prefix 5007 50000 0.409178 251.582 Suffix 1720 50000 0.0680285 258.065 Stem 4809 50000 0.161436 757.459 PrefixMorph 558 7592 0.0203943 126.698 SuffixMorph 317 2623 0.167512 59.8679 SubMorph 512 9558 0.00312803 106.836
150	1	5455.01	1.08609e+06	12969	6390	43610	1	0.1 Prefix 4963 50000 0.401444 249.776 Suffix 1739 50000 0.129942 213.572 Stem 4865 50000 0.163045 779.413 PrefixMorph 549 7459 0.0105323 138.171 SuffixMorph 355 2558 0.0286675 100.733 SubMorph 498 9709 0.00957025 114.965
160	1	5722.54	1.08631e+06	12981	6340	43660	1	0.1 Prefix 4994 50000 0.407378 270.044 Suffix 1766 50000 0.143917 212.342 Stem 4782 50000 0.134107 844.636 PrefixMorph 569 7344 0.0508006 124.627 SuffixMorph 367 2605 0.0956946 95.8179 SubMorph 503 9708 0.00759002 108.937
170	1	5979.86	1.08344e+06	13123	6468	43532	0	0.1 Prefix 5195 50000 0.442611 205.92 Suffix 1680 50000 0.0932995 238.479 Stem 4785 50000 0.151523 794.335 PrefixMorph 562 7609 0.00160194 136.548 SuffixMorph 362 2488 0.118315 79.8828 SubMorph 539 9689 0.00822682 117.709
180	1	6235.4	1.08355e+06	13059	6641	43359	0	0.1 Prefix 5287 50000 0.442105 216.381 Suffix 1680 50000 0.114636 213.31 Stem 4678 50000 0.116885 868.85 PrefixMorph 579 7635 0.0121803 130.673 SuffixMorph 334 2535 0.0683744 81.1033 SubMorph 501 9577 0.0371933 109.14
190	1	6492.45	1.08113e+06	13171	6753	43247	0	0.1 Prefix 5294 50000 0.436444 230.867 Suffix 1675 50000 0.164999 191.846 Stem 4829 50000 0.15583 815.003 PrefixMorph 535 7587 0.0135418 128.983 SuffixMorph 344 2573 0.217675 58.4292 SubMorph 494 9832 0.0035493 101.303
200	1	6749.12	1.07986e+06	13067	6946	43054	0	0.1 Prefix 5221 50000 0.438872 213.232 Suffix 1686 50000 0.103648 227.357 Stem 4838 50000 0.136206 891.263 PrefixMorph 547 7497 0.00374934 124.373 SuffixMorph 288 2578 0.0378694 71.8533 SubMorph 487 9832 0.016353 103.692
210	1	7001.01	1.07867e+06	13044	6989	43011	0	0.1 Prefix 5040 50000 0.433536 227.343 Suffix 1717 50000 0.176602 160.77 Stem 4933 50000 0.184115 739.684 PrefixMorph 541 7399 0.0400482 116.032 SuffixMorph 298 2610 0.208124 46.779 SubMorph 515 9929 0.00466248 106.005
220	1	7253.54	1.07379e+06	12995	7409	42591	0	0.1 Prefix 5181 50000 0.437636 202.495 Suffix 1631 50000 0.148378 164.016 Stem 4885 50000 0.141074 882.841 PrefixMorph 516 7549 0.000576692 128.185 SuffixMorph 286 2469 0.132782 58.2671 SubMorph 496 9877 0.0222206 102.333
230	1	7506.93	1.07212e+06	12964	7575	42425	1	0.1 Prefix 5157 50000 0.44147 214.651 Suffix 1589 50000 0.131979 198.438 Stem 4857 50000 0.142072 859.099 PrefixMorph 512 7519 0.0285399 110.007 SuffixMorph 339 2456 0.262781 49.712 SubMorph 510 9873 0.00131508 103.958
240	1	7759.73	1.07035e+06	12924	7594	42406	0	0.1 Prefix 5215 50000 0.436813 215.36 Suffix 1643 50000 0.154155 177.908 Stem 4781 50000 0.145144 827.68 PrefixMorph 507 7616 0.0344489 100.964 SuffixMorph 286 2478 0.31074 21.0441 SubMorph 492 9834 0.00952201 106.543
250	1	8010	1.06977e+06	12892	7376	42624	0	0.1 Prefix 5094 50000 0.440323 204.567 Suffix 1600 50000 0.116349 200.524 Stem 4854 50000 0.140081 841.088 PrefixMorph 538 7442 0.0553948 106.248 SuffixMorph 315 2460 0.160814 60.132 SubMorph 491 9852 0.0071494 99.1658
260	1	8259.82	1.07008e+06	13022	7651	42349	0	0.1 Prefix 5118 50000 0.436711 203.897 Suffix 1632 50000 0.173666 162.452 Stem 4907 50000 0.126753 888.525 PrefixMorph 545 7448 0.010821 116.597 SuffixMorph 314 2484 0.154625 53.349 SubMorph 506 9948 0.00964532 95.073
270	1	8508.52	1.0667e+06	12960	7916	42084	0	0.1 Prefix 5109 50000 0.442843 222.065 Suffix 1597 50000 0.118873 196.743 Stem 4920 50000 0.164285 807.105 PrefixMorph 519 7485 0.00461425 134.692 SuffixMorph 328 2436 0.176248 51.0186 SubMorph 487 9990 0.00505577 92.9111
280	1	8759.63	1.06446e+06	13047	8292	41708	0	0.1 Prefix 5162 50000 0.466312 171.334 Suffix 1683 50000 0.171785 166.039 Stem 4817 50000 0.148222 799.807 PrefixMorph 613 7567 0.000962648 148.166 SuffixMorph 274 2515 0.00506086 63.0485 SubMorph 498 9841 0.0317946 93.0693
290	1	9020.27	1.06353e+06	12827	8459	41541	0	0.1 Prefix 5037 50000 0.445941 190.472 Suffix 1655 50000 0.174052 168.546 Stem 4773 50000 0.116327 894.79 PrefixMorph 527 7442 0.0233728 104.562 SuffixMorph 338 2464 0.178584 56.2341 SubMorph 497 9828 0.0199771 96.7368
300	1	9282.38	1.06108e+06	12880	8831	41169	0	0.1 Prefix 4971 50000 0.427273 241.774 Suffix 1647 50000 0.147386 181.728 Stem 4822 50000 0.143086 863.92 PrefixMorph 537 7231 0.0183186 121.905 SuffixMorph 400 2469 0.320964 48.615 SubMorph 503 9931 0.00629268 101.649
310	1	9548.73	1.05948e+06	12827	8911	41089	0	0.1 Prefix 4963 50000 0.447236 214.079 Suffix 1643 50000 0.169094 166.409 Stem 4834 50000 0.12631 871.139 PrefixMorph 536 7272 0.00415268 127.569 SuffixMorph 356 2477 0.129594 62.1669 SubMorph 495 10024 0.00491496 100.812
320	1	9815.86	1.05511e+06	12743	9225	40775	0	0.1 Prefix 5030 50000 0.459733 142.01 Suffix 1592 50000 0.189285 145.652 Stem 4826 50000 0.146325 825.114 PrefixMorph 517 7372 0.0743302 102.546 SuffixMorph 297 2480 0.018577 79.419 SubMorph 481 10001 0.0089799 97.1526
330	1	10079	1.05501e+06	12641	9242	40758	0	0.1 Prefix 4913 50000 0.446728 180.846 Suffix 1578 50000 0.155607 164.003 Stem 4843 50000 0.155294 831.348 PrefixMorph 490 7191 0.0040262 111.053 SuffixMorph 322 2466 0.142771 71.0789 SubMorph 495 10113 0.0160044 102.076
340	1	10345.9	1.05656e+06	12745	9170	40830	0	0.1 Prefix 5020 50000 0.439039 197.263 Suffix 1544 50000 0.147313 171.111 Stem 4910 50000 0.16548 814.419 PrefixMorph 462 7336 0.00734002 93.563 SuffixMorph 332 2401 0.023838 94.8109 SubMorph 477 10231 0.00613959 101.929
350	1	10609.9	1.0541e+06	12687	9138	40862	0	0.1 Prefix 4974 50000 0.448238 205.911 Suffix 1538 50000 0.185572 137.653 Stem 4888 50000 0.153203 805.927 PrefixMorph 477 7150 0.0432369 96.2466 SuffixMorph 321 2343 0.000278752 100.557 SubMorph 489 10166 0.00686379 97.4579
360	1	10872.6	1.04954e+06	12849	9712	40288	0	0.1 Prefix 5189 50000 0.487543 151.428 Suffix 1522 50000 0.203497 135.164 Stem 4852 50000 0.133032 879.637 PrefixMorph 459 7436 0.0219669 99.8125 SuffixMorph 354 2321 0.134718 74.4037 SubMorph 473 10135 0.00762268 99.5105
370	1	11135.6	1.05364e+06	12647	9327	40673	2	0.1 Prefix 4918 50000 0.468897 146.298 Suffix 1512 50000 0.15734 153.402 Stem 4936 50000 0.142877 848.559 PrefixMorph 507 7094 0.0265068 119.402 SuffixMorph 281 2291 0.0439661 75.5684 SubMorph 493 10310 0.00389559 104.469
380	1	11400.1	1.05579e+06	12945	9181	40819	1	0.1 Prefix 4976 50000 0.465686 158.679 Suffix 1679 50000 0.229487 133.01 Stem 4973 50000 0.150535 828.445 PrefixMorph 519 7097 0.0103623 123.629 SuffixMorph 307 2435 0.0285496 84.2289 SubMorph 491 10310 0.0240471 108.058
390	1	11664.3	1.05479e+06	12813	9139	40861	1	0.1 Prefix 4968 50000 0.479571 126.731 Suffix 1602 50000 0.191376 154.289 Stem 4924 50000 0.128277 901.765 PrefixMorph 520 7077 0.00387546 129.039 SuffixMorph 297 2400 0.137844 63.052 SubMorph 502 10289 0.00221182 112.759
400	1	11926.2	1.05362e+06	12692	9163	40837	0	0.1 Prefix 4995 50000 0.485364 157.435 Suffix 1473 50000 0.144914 159.448 Stem 4932 50000 0.131621 905.353 PrefixMorph 529 7190 0.0568401 96.2959 SuffixMorph 286 2287 0.0751357 69.1747 SubMorph 477 10319 0.00301278 104.291
410	1	12186.2	1.05131e+06	12533	9325	40675	1	0.1 Prefix 4718 50000 0.453957 170.102 Suffix 1582 50000 0.204144 120.045 Stem 4929 50000 0.157278 821.736 PrefixMorph 511 6910 0.0395151 105.704 SuffixMorph 301 2407 0.0921897 68.4837 SubMorph 492 10358 0.0175688 98.7221
420	1	12440.5	1.05144e+06	12649	9542	40458	1	0.1 Prefix 4985 50000 0.470936 162.557 Suffix 1538 50000 0.181015 148.009 Stem 4815 50000 0.141732 829.204 PrefixMorph 561 7205 0.0121919 133.902 SuffixMorph 274 2376 0.181046 35.0318 SubMorph 476 10155 0.0062316 101.718
430	1	12692.7	1.054e+06	12778	9370	40630	0	0.1 Prefix 5000 50000 0.472167 181.572 Suffix 1542 50000 0.161538 147.598 Stem 4918 50000 0.134464 871.166 PrefixMorph 563 7283 0.0047577 134.699 SuffixMorph 272 2387 0.0597411 58.0651 SubMorph 483 10213 0.0143417 96.6734
440	1	12940.4	1.05009e+06	12482	9677	40323	1	0.1 Prefix 4743 50000 0.484856 119.481 Suffix 1527 50000 0.160704 160.419 Stem 4929 50000 0.131266 877.461 PrefixMorph 520 6984 0.00307235 126.442 SuffixMorph 266 2416 0.043316 69.7149 SubMorph 497 10299 0.00118156 103.495
450	1	13187.2	1.04486e+06	12468	10103	39897	2	0.1 Prefix 4718 50000 0.466098 135.782 Suffix 1527 50000 0.196844 131.152 Stem 4946 50000 0.152189 824.768 PrefixMorph 516 6947 0.00612071 118.192 SuffixMorph 270 2379 0.0422236 74.1881 SubMorph 491 10355 0.00903899 105.337
460	1	13432.2	1.0413e+06	12550	10418	39582	0	0.1 Prefix 4818 50000 0.501997 105.18 Suffix 1521 50000 0.17189 143.936 Stem 4946 50000 0.130563 900.37 PrefixMorph 492 7107 0.000106327 112.094 SuffixMorph 276 2393 0.0707592 55.9291 SubMorph 497 10311 0.0107828 99.6634
470	1	13682.2	1.04032e+06	12709	10655	39345	1	0.1 Prefix 4934 50000 0.508624 106.37 Suffix 1532 50000 0.225587 120.431 Stem 4955 50000 0.146142 876.546 PrefixMorph 502 7132 0.0174752 108.064 SuffixMorph 292 2371 0.0941124 58.9627 SubMorph 494 10358 0.0259669 96.6314
480	1	13931.7	1.04295e+06	12551	10441	39559	0	0.1 Prefix 4821 50000 0.49715 128.703 Suffix 1518 50000 0.209351 123.137 Stem 4938 50000 0.14486 855.683 PrefixMorph 456 7097 0.0301104 94.8634 SuffixMorph 343 2350 0.17961 67.3286 SubMorph 475 10418 0.00566878 93.9702
490	1	14179	1.04512e+06	12380	10012	39988	0	0.1 Prefix 4644 50000 0.460147 159.479 Suffix 1522 50000 0.205956 134.426 Stem 4925 50000 0.120258 931.348 PrefixMorph 451 6925 0.0135405 94.4524 SuffixMorph 335 2376 0.00254673 91.6504 SubMorph 503 10372 0.00820983 110.039
500	1	14428.1	1.0467e+06	12711	10002	39998	0	0.1 Prefix 4846 50000 0.478479 143.576 Suffix 1591 50000 0.219889 129.795 Stem 5008 50000 0.119685 936.589 PrefixMorph 439 6956 0.0214651 83.5703 SuffixMorph 358 2428 0.0121644 99.369 SubMorph 469 10493 0.0304094 87.6245
