# D = 1, E = 1, I = 1, P = 0, R = -1, n = 500, N = 1, P = 0, w = 1, a = 0.1, b = 1000, e = 1, f = 1, g = 10, h = 0.1, r = 1629240489, s = 1, S = 0, x = 10, m = 0, Z = 1, z = 0, T = 1, t = 1
# 703628 tokens in 50000 sentences
#
# It	Temp	Time	-logP	tables	same	changed	reject	default_pya	(parent pym pyn pya pyb)*
0	1	21.1869	2.5076e+06	419312	0	50000	0	0.1 StemSuffixMorphs 50000 50000 0.1 1000 PrefixMorph 113392 113392 0.1 1000 Stem 50000 50000 0.1 1000 SubMorph 103158 103158 0.1 1000 SuffixMorph 102762 102762 0.1 1000
10	1	1614.09	1.45202e+06	51812	6001	43999	0	0.1 StemSuffixMorphs 25512 50000 0.557123 4255.38 PrefixMorph 14757 79620 0.449892 1019.08 Stem 4077 25512 0.0907597 1040.81 SubMorph 919 8550 0.00392828 245.16 SuffixMorph 6547 40511 0.406711 530.482
20	1	2239.16	1.32793e+06	48034	8430	41570	2	0.1 StemSuffixMorphs 27039 50000 0.589454 4181 PrefixMorph 11044 71076 0.525101 377.111 Stem 3892 27039 0.0843329 1004.63 SubMorph 635 8920 0.00371423 158.106 SuffixMorph 5424 39482 0.471608 237.693
30	1	2795.66	1.27596e+06	44793	9683	40317	0	0.1 StemSuffixMorphs 27949 50000 0.617327 4169.08 PrefixMorph 8016 67451 0.468063 295.633 Stem 3869 27949 0.0472161 1052.69 SubMorph 570 9195 0.0249067 134.686 SuffixMorph 4389 38843 0.470384 158.525
40	1	3282.54	1.21575e+06	42168	11047	38953	0	0.1 StemSuffixMorphs 28623 50000 0.636459 3842.61 PrefixMorph 5561 64212 0.372742 326.728 Stem 3947 28623 0.0358261 1111.44 SubMorph 535 9344 0.000845599 130.26 SuffixMorph 3502 37524 0.44468 128.013
50	1	3712.25	1.19705e+06	40567	11703	38297	1	0.1 StemSuffixMorphs 29051 50000 0.633983 4082.65 PrefixMorph 4377 63003 0.326349 270.502 Stem 3922 29051 0.0253034 1074.66 SubMorph 504 9351 0.0247202 105.931 SuffixMorph 2713 37684 0.373141 136.297
60	1	4120.86	1.18089e+06	39128	12174	37826	0	0.1 StemSuffixMorphs 28790 50000 0.639344 3872.12 PrefixMorph 3599 62240 0.237446 339.627 Stem 3947 28790 0.0493189 1029.67 SubMorph 518 9426 0.0539993 100.352 SuffixMorph 2274 36935 0.318793 150.086
70	1	4542.69	1.16675e+06	38399	12386	37614	0	0.1 StemSuffixMorphs 29030 50000 0.64137 3942.04 PrefixMorph 3048 61771 0.204156 333.505 Stem 3867 29030 0.0374753 1036.48 SubMorph 487 9346 0.000260736 95.0919 SuffixMorph 1967 36720 0.309997 111.763
80	1	4948.88	1.15274e+06	37848	13045	36955	0	0.1 StemSuffixMorphs 28890 50000 0.6471 3690.84 PrefixMorph 2799 61074 0.192874 286.932 Stem 3917 28890 0.0141441 1148.09 SubMorph 482 9464 0.00487847 92.6884 SuffixMorph 1760 36351 0.315543 100.133
90	1	5355.05	1.14085e+06	37161	13380	36620	0	0.1 StemSuffixMorphs 28962 50000 0.64538 3733.45 PrefixMorph 2425 60802 0.156307 267.557 Stem 3929 28962 0.0203304 1145.96 SubMorph 484 9549 0.016534 105.433 SuffixMorph 1361 35782 0.228524 110.678
100	1	5744.12	1.12924e+06	37537	13424	36576	0	0.1 StemSuffixMorphs 29650 50000 0.656709 3932.5 PrefixMorph 2206 60162 0.130695 269.659 Stem 3965 29650 0.00816161 1163.93 SubMorph 484 9601 0.0173725 106.326 SuffixMorph 1232 35743 0.180602 115.741
110	1	6127.99	1.11693e+06	36937	13602	36398	0	0.1 StemSuffixMorphs 29541 50000 0.659706 3871.87 PrefixMorph 2069 59964 0.127369 256.368 Stem 3912 29541 0.0187417 1149.53 SubMorph 486 9582 0.0204852 95.7613 SuffixMorph 929 35342 0.143306 95.0549
120	1	6520.25	1.10986e+06	37144	13786	36214	1	0.1 StemSuffixMorphs 29895 50000 0.664221 3628.13 PrefixMorph 1915 59399 0.0850713 258.499 Stem 4039 29895 0.00667949 1205.63 SubMorph 488 9806 0.00950422 96.492 SuffixMorph 807 35272 0.0638876 108.563
130	1	6899.64	1.10424e+06	37407	13978	36022	0	0.1 StemSuffixMorphs 30102 50000 0.665694 3989.71 PrefixMorph 1888 59040 0.122422 230.311 Stem 4086 30102 0.010397 1170.19 SubMorph 479 9985 0.000614227 101.992 SuffixMorph 852 35216 0.0933544 112.477
140	1	7271.7	1.09662e+06	37220	14109	35891	0	0.1 StemSuffixMorphs 30356 50000 0.670912 3858.01 PrefixMorph 1660 58878 0.0458835 252.957 Stem 4031 30356 0.0169834 1160.68 SubMorph 479 9885 0.0189573 97.5821 SuffixMorph 694 35043 0.0274798 102.573
150	1	7642.42	1.09299e+06	37748	13974	36026	0	0.1 StemSuffixMorphs 30895 50000 0.683761 3687.23 PrefixMorph 1539 58625 0.026921 277.898 Stem 4144 30895 0.0119573 1158.05 SubMorph 497 10117 0.0258619 96.2259 SuffixMorph 673 35239 0.0189676 118.328
160	1	8018.73	1.09044e+06	37865	13894	36106	0	0.1 StemSuffixMorphs 31109 50000 0.690481 3757.05 PrefixMorph 1512 58503 0.0445393 251.773 Stem 4146 31109 0.00856953 1190.99 SubMorph 483 10131 0.0110671 100.803 SuffixMorph 615 35247 0.0161783 101.854
170	1	8390.99	1.0882e+06	37643	13959	36041	0	0.1 StemSuffixMorphs 30831 50000 0.68507 3711.17 PrefixMorph 1499 58437 0.0297663 253.002 Stem 4245 30831 0.00644247 1272.06 SubMorph 464 10381 0.0230769 91.3959 SuffixMorph 604 34951 0.0266931 97.6564
180	1	8762.24	1.0827e+06	37698	14209	35791	0	0.1 StemSuffixMorphs 30963 50000 0.6924 3531.56 PrefixMorph 1391 58302 0.00315751 240.949 Stem 4260 30963 0.0197672 1192.82 SubMorph 462 10407 0.00668753 94.945 SuffixMorph 622 34854 0.0165093 102.559
190	1	9143.87	1.08156e+06	37836	14294	35706	0	0.1 StemSuffixMorphs 31057 50000 0.686386 3772.63 PrefixMorph 1428 58053 0.0775421 194.658 Stem 4277 31057 0.0105465 1242.2 SubMorph 467 10449 0.00192978 90.3846 SuffixMorph 607 35033 0.00957883 100.643
200	1	9536.15	1.07997e+06	37976	14187	35813	0	0.1 StemSuffixMorphs 31215 50000 0.694648 3574.89 PrefixMorph 1380 58007 0.0333588 218.39 Stem 4338 31215 0.024822 1234.87 SubMorph 460 10583 0.00508739 96.1886 SuffixMorph 583 35012 0.00519722 86.4179
210	1	9906.82	1.07459e+06	37808	14561	35439	1	0.1 StemSuffixMorphs 31112 50000 0.685339 3882.31 PrefixMorph 1362 57741 0.00170803 247.013 Stem 4291 31112 0.0176569 1276.66 SubMorph 493 10550 0.0019279 101.128 SuffixMorph 550 34873 0.0208735 82.5411
220	1	10285.2	1.07165e+06	37843	14641	35359	0	0.1 StemSuffixMorphs 31231 50000 0.685231 3960.92 PrefixMorph 1318 57510 0.00856339 225.392 Stem 4297 31231 0.00274791 1269.14 SubMorph 451 10670 0.00139164 85.0845 SuffixMorph 546 34931 0.00184283 91.2305
230	1	10653.3	1.06994e+06	38168	14834	35166	0	0.1 StemSuffixMorphs 31536 50000 0.699041 3841.73 PrefixMorph 1259 57308 0.0194087 207.773 Stem 4349 31536 0.00322276 1301.51 SubMorph 457 10765 0.0222896 85.6849 SuffixMorph 567 35202 0.0579423 77.0853
240	1	11062.8	1.06695e+06	37982	14974	35026	0	0.1 StemSuffixMorphs 31339 50000 0.694832 3655.57 PrefixMorph 1265 57285 0.0132077 206.009 Stem 4433 31339 0.0111083 1306.98 SubMorph 455 10899 0.011913 83.7334 SuffixMorph 490 34881 0.0105625 78.2982
250	1	11424.2	1.06408e+06	38151	14850	35150	0	0.1 StemSuffixMorphs 31475 50000 0.690886 3897.48 PrefixMorph 1235 57050 0.038209 182.007 Stem 4397 31475 0.00796539 1306.84 SubMorph 460 10881 0.0246225 87.0943 SuffixMorph 584 34990 0.0472744 79.3065
260	1	11787.1	1.0635e+06	38148	14993	35007	0	0.1 StemSuffixMorphs 31563 50000 0.69623 3646.39 PrefixMorph 1188 57090 0.0371827 183.309 Stem 4393 31563 0.00307819 1312.71 SubMorph 446 10882 0.00977584 84.04 SuffixMorph 558 35107 0.00177412 88.3077
270	1	12160.8	1.06189e+06	38137	15145	34855	0	0.1 StemSuffixMorphs 31490 50000 0.693272 3783.7 PrefixMorph 1192 57021 0.00703256 193.22 Stem 4463 31490 0.0327026 1217.09 SubMorph 466 10965 0.00496879 92.7211 SuffixMorph 526 34944 0.00879434 81.4635
280	1	12524.9	1.0636e+06	38402	14883	35117	0	0.1 StemSuffixMorphs 31687 50000 0.697355 3857.92 PrefixMorph 1265 56968 0.0752116 151.865 Stem 4453 31687 5.28199e-05 1353.08 SubMorph 468 11049 0.00598377 93.9015 SuffixMorph 529 35063 0.0095336 86.5232
290	1	12892	1.0588e+06	38101	15380	34620	0	0.1 StemSuffixMorphs 31381 50000 0.68408 4032.62 PrefixMorph 1258 56855 0.0543285 178.18 Stem 4447 31381 0.00516503 1340.5 SubMorph 487 11005 0.0708077 80.0388 SuffixMorph 528 34712 0.00203984 89.2292
300	1	13257.8	1.05633e+06	38726	15435	34565	0	0.1 StemSuffixMorphs 31988 50000 0.70964 3576.79 PrefixMorph 1254 56550 0.0442047 183.989 Stem 4552 31988 0.0126175 1343.32 SubMorph 451 11278 0.00630866 92.2545 SuffixMorph 481 35155 0.026209 69.9687
310	1	13627.1	1.05574e+06	38675	15200	34800	0	0.1 StemSuffixMorphs 31914 50000 0.70134 3827 PrefixMorph 1263 56451 0.0238494 203.351 Stem 4521 31914 0.0141362 1321.61 SubMorph 480 11268 0.023417 85.7273 SuffixMorph 497 34939 0.00494004 80.0438
320	1	14000.7	1.05497e+06	38609	15339	34661	0	0.1 StemSuffixMorphs 31952 50000 0.704464 3849.97 PrefixMorph 1190 56439 0.00679349 207.162 Stem 4530 31952 0.017759 1326.74 SubMorph 459 11208 0.00551076 85.1051 SuffixMorph 478 34882 0.000532971 81.2486
330	1	14368.6	1.05609e+06	38745	15271	34729	0	0.1 StemSuffixMorphs 32023 50000 0.712827 3554.98 PrefixMorph 1244 56298 0.0193843 194.664 Stem 4503 32023 0.00634568 1373.81 SubMorph 441 11208 0.000680992 93.1902 SuffixMorph 534 35095 0.0652515 69.0865
340	1	14743.6	1.05706e+06	38836	15026	34974	1	0.1 StemSuffixMorphs 32132 50000 0.707617 3927.93 PrefixMorph 1278 56244 0.0241142 204.919 Stem 4463 32132 0.00650052 1341.01 SubMorph 454 11178 0.0023278 88.7531 SuffixMorph 509 35141 0.0274501 73.9485
350	1	15115.7	1.05462e+06	38658	14952	35048	0	0.1 StemSuffixMorphs 32027 50000 0.705268 3729.18 PrefixMorph 1212 56215 0.0382756 187.526 Stem 4441 32027 0.00141384 1319.95 SubMorph 481 11136 0.044371 87.6017 SuffixMorph 497 34927 0.0651024 56.8482
360	1	15491.3	1.05345e+06	38936	15044	34956	1	0.1 StemSuffixMorphs 32214 50000 0.706228 3834.36 PrefixMorph 1193 56156 0.0169705 187.422 Stem 4550 32214 0.0121304 1350.14 SubMorph 484 11283 1.66872e-05 99.1607 SuffixMorph 495 34967 0.0195853 79.4102
370	1	15856.3	1.05038e+06	38845	15295	34705	0	0.1 StemSuffixMorphs 32225 50000 0.709195 3729.09 PrefixMorph 1102 55956 0.0066674 184.235 Stem 4559 32225 0.0103699 1397.86 SubMorph 467 11357 0.0229942 86.2978 SuffixMorph 492 34972 0.00142361 73.1349
380	1	16223.2	1.05054e+06	39191	15161	34839	1	0.1 StemSuffixMorphs 32435 50000 0.71246 3784.65 PrefixMorph 1146 55743 0.0406719 168.922 Stem 4612 32435 0.0403802 1290.88 SubMorph 493 11541 0.00731162 98.1802 SuffixMorph 505 35066 0.00462999 81.7357
390	1	16590.5	1.05015e+06	38854	15265	34735	0	0.1 StemSuffixMorphs 32193 50000 0.71349 3594.67 PrefixMorph 1146 55803 0.0240595 191.261 Stem 4525 32193 0.0142151 1305.7 SubMorph 490 11418 0.0286511 95.523 SuffixMorph 500 34840 0.00943543 80.9325
400	1	16959.5	1.05021e+06	39217	14943	35057	0	0.1 StemSuffixMorphs 32463 50000 0.715714 3845.06 PrefixMorph 1152 55717 0.0346854 181.84 Stem 4613 32463 0.00729241 1361.85 SubMorph 487 11526 0.00824606 99.4786 SuffixMorph 502 35040 0.0280813 77.4139
410	1	17356.4	1.04648e+06	39217	15163	34837	0	0.1 StemSuffixMorphs 32559 50000 0.708494 4085.43 PrefixMorph 1189 55490 0.0122796 202.202 Stem 4553 32559 0.00979056 1364.55 SubMorph 460 11489 0.00963692 88.1078 SuffixMorph 456 34930 0.00692102 69.8592
420	1	17719.4	1.04824e+06	39408	15089	34911	0	0.1 StemSuffixMorphs 32725 50000 0.715106 3939.08 PrefixMorph 1174 55452 0.0118531 199.714 Stem 4585 32725 0.0244637 1257.51 SubMorph 466 11534 0.00620623 93.2545 SuffixMorph 458 35219 0.0121354 64.3807
430	1	18082.9	1.04555e+06	39517	15335	34665	1	0.1 StemSuffixMorphs 32725 50000 0.719415 3667.52 PrefixMorph 1180 55219 0.0151515 206.928 Stem 4706 32725 0.0117703 1411.36 SubMorph 463 11808 0.00311113 89.3495 SuffixMorph 443 34971 0.00262412 67.6305
440	1	18452.6	1.04321e+06	39417	15527	34473	0	0.1 StemSuffixMorphs 32677 50000 0.725955 3677.85 PrefixMorph 1224 55066 0.0510482 191.373 Stem 4609 32677 0.0136285 1372.18 SubMorph 475 11688 0.0164358 94.0812 SuffixMorph 432 34880 0.00951426 64.0645
450	1	18857.2	1.04201e+06	39649	15444	34556	0	0.1 StemSuffixMorphs 32865 50000 0.731463 3432.28 PrefixMorph 1186 54934 0.0207033 198.237 Stem 4681 32865 0.0140982 1360.09 SubMorph 474 11783 0.0115487 93.6684 SuffixMorph 443 35177 0.0044734 67.9024
460	1	19223.5	1.04006e+06	39574	15570	34430	1	0.1 StemSuffixMorphs 32877 50000 0.722643 3668.27 PrefixMorph 1164 54985 0.0164734 191.569 Stem 4592 32877 0.0031442 1394.78 SubMorph 457 11685 0.0069153 97.173 SuffixMorph 484 34979 0.00247847 71.8883
470	1	19595.9	1.0416e+06	39718	15494	34506	1	0.1 StemSuffixMorphs 32994 50000 0.727464 3695.22 PrefixMorph 1146 54947 0.0267396 193.325 Stem 4632 32994 0.00540725 1376.71 SubMorph 474 11747 0.00666978 97.1078 SuffixMorph 472 35019 0.0228482 76.407
480	1	19973.6	1.04229e+06	39927	15523	34477	0	0.1 StemSuffixMorphs 33158 50000 0.730328 3709.12 PrefixMorph 1168 54867 0.023636 191.137 Stem 4630 33158 0.0111431 1352.6 SubMorph 501 11725 0.0328979 97.8146 SuffixMorph 470 35268 0.0168345 70.0194
490	1	20346.7	1.04331e+06	39601	15360	34640	0	0.1 StemSuffixMorphs 32873 50000 0.722597 3622.77 PrefixMorph 1170 54943 0.0195276 181.783 Stem 4626 32873 0.00315399 1391.69 SubMorph 483 11765 0.0198323 96.3601 SuffixMorph 449 34926 0.00484187 68.6132
500	1	20716.2	1.0415e+06	39875	15516	34484	0	0.1 StemSuffixMorphs 33097 50000 0.730459 3616.42 PrefixMorph 1146 54613 0.0537096 169.911 Stem 4712 33097 0.0114482 1414.58 SubMorph 467 11915 0.00598359 99.9457 SuffixMorph 453 35214 0.00720615 67.6844
