# D = 1, E = 1, I = 1, P = 0, R = -1, n = 500, N = 1, P = 0, w = 1, a = 0.1, b = 1000, e = 1, f = 1, g = 10, h = 0.1, r = 1629240404, s = 1, S = 0, x = 10, m = 0, Z = 1, z = 0, T = 1, t = 1
# 703628 tokens in 50000 sentences
#
# It	Temp	Time	-logP	tables	same	changed	reject	default_pya	(parent pym pyn pya pyb)*
0	1	20.3652	3.60659e+06	509504	0	50000	0	0.1 StemSuffixMorphs 50000 50000 0.1 1000 Stem 50000 50000 0.1 1000 PrefixMorph 52616 52616 0.1 1000 SuffixMorph 52387 52387 0.1 1000 SubMorph 304501 304501 0.1 1000
10	1	1694.3	1.09015e+06	35887	11826	38174	0	0.1 StemSuffixMorphs 23511 50000 0.551463 3378.59 Stem 3563 23511 0.0538957 983.016 PrefixMorph 5838 48593 0.00177021 1732.82 SuffixMorph 1128 22104 0.00699097 243.784 SubMorph 1847 16738 0.000521624 513.594
20	1	2077.99	1.0524e+06	38011	12256	37744	0	0.1 StemSuffixMorphs 28258 50000 0.645058 3475.87 Stem 3541 28258 0.0542357 886.537 PrefixMorph 4270 46654 0.00778866 1118.2 SuffixMorph 819 26915 0.00232507 154.101 SubMorph 1123 14401 0.000480405 281.57
30	1	2449.18	1.0294e+06	38430	13034	36966	0	0.1 StemSuffixMorphs 29849 50000 0.679829 3479.13 Stem 3510 29849 0.0272445 940.245 PrefixMorph 3462 45913 0.00375409 833.806 SuffixMorph 690 28580 0.00516324 111.839 SubMorph 919 13279 0.00167344 209.956
40	1	2816.87	1.0142e+06	39010	13584	36416	1	0.1 StemSuffixMorphs 31014 50000 0.704744 3275.3 Stem 3563 31014 0.0518071 866.588 PrefixMorph 2973 45524 0.0183905 644.066 SuffixMorph 648 29659 0.0169004 98.0181 SubMorph 812 12693 0.00242099 184.068
50	1	3184.9	1.00395e+06	39260	14196	35804	1	0.1 StemSuffixMorphs 31447 50000 0.714953 3240.05 Stem 3713 31447 0.0516414 919.831 PrefixMorph 2735 45129 0.0158278 598.5 SuffixMorph 597 30069 0.0141252 94.8579 SubMorph 768 12642 0.0235549 161.224
60	1	3558.35	995793	39539	14658	35342	0	0.1 StemSuffixMorphs 32001 50000 0.725943 3242.87 Stem 3777 32001 0.0458179 965.089 PrefixMorph 2481 45031 0.00600228 556.602 SuffixMorph 573 30719 0.0054805 86.6774 SubMorph 707 12474 0.00839023 155.128
70	1	3942.41	989922	39669	15459	34541	0	0.1 StemSuffixMorphs 32236 50000 0.73198 3126.34 Stem 3771 32236 0.00887418 1056.91 PrefixMorph 2422 44727 0.0580926 424.458 SuffixMorph 552 30955 0.00107384 87.5191 SubMorph 688 12450 0.0124314 134.014
80	1	4306.84	982637	39965	15957	34043	0	0.1 StemSuffixMorphs 32713 50000 0.742649 3049.17 Stem 3830 32713 0.0328738 973.971 PrefixMorph 2196 44560 0.0247065 407.748 SuffixMorph 533 31398 0.000128571 86.6195 SubMorph 693 12180 0.0109594 151.747
90	1	4678.09	980872	39997	16009	33991	0	0.1 StemSuffixMorphs 32726 50000 0.747354 2906.62 Stem 3906 32726 0.0185353 1065.19 PrefixMorph 2168 44384 0.0462004 395.574 SuffixMorph 537 31349 0.000624142 95.2353 SubMorph 660 12306 0.00601607 144.336
100	1	5047.72	975023	39993	16800	33200	0	0.1 StemSuffixMorphs 32854 50000 0.747231 2761.48 Stem 3924 32854 0.0347565 1042.08 PrefixMorph 2071 44374 0.0500057 374.021 SuffixMorph 522 31439 0.0333184 76.5937 SubMorph 622 12220 0.00880664 131.139
110	1	5411.71	972056	40363	17272	32728	0	0.1 StemSuffixMorphs 33217 50000 0.758192 2855.19 Stem 3957 33217 0.0323132 1055.75 PrefixMorph 2041 44195 0.0465272 375.737 SuffixMorph 520 31806 0.0143776 90.4778 SubMorph 628 12292 0.00511294 121.952
120	1	5774.97	970841	40411	17316	32684	0	0.1 StemSuffixMorphs 33202 50000 0.74675 3196.19 Stem 4068 33202 0.0655725 1014.02 PrefixMorph 1990 44040 0.0639214 339.139 SuffixMorph 513 31756 0.0055283 78.347 SubMorph 638 12427 0.0144626 124.909
130	1	6119.49	969751	40427	17473	32527	0	0.1 StemSuffixMorphs 33355 50000 0.756781 2692.68 Stem 4040 33355 0.0202613 1089.36 PrefixMorph 1920 44000 0.0422138 349.789 SuffixMorph 488 31851 0.00262286 72.7478 SubMorph 624 12309 0.00227925 131.705
140	1	6468.68	968165	40500	17601	32399	0	0.1 StemSuffixMorphs 33334 50000 0.754903 2872.2 Stem 4016 33334 0.0324275 1069.25 PrefixMorph 2011 43986 0.106463 317.855 SuffixMorph 509 31898 0.0169159 78.4248 SubMorph 630 12400 0.0028079 141.428
150	1	6821.7	966651	40684	17702	32298	0	0.1 StemSuffixMorphs 33496 50000 0.758195 2935.38 Stem 4109 33496 0.0286735 1065.91 PrefixMorph 1962 43942 0.061442 337.137 SuffixMorph 511 31977 0.00138562 86.8134 SubMorph 606 12549 0.00070188 134.222
160	1	7169.81	967022	40711	17752	32248	0	0.1 StemSuffixMorphs 33512 50000 0.757711 2939.65 Stem 4121 33512 0.0426598 1048.78 PrefixMorph 1924 43859 0.0806451 313.426 SuffixMorph 526 31897 0.00459747 82.5551 SubMorph 628 12576 0.00181498 130.698
170	1	7536.63	961267	40828	18407	31593	0	0.1 StemSuffixMorphs 33647 50000 0.754351 3219.04 Stem 4077 33647 0.0497802 1039.29 PrefixMorph 1975 43741 0.110977 284.771 SuffixMorph 529 32054 0.00126035 82.0725 SubMorph 600 12619 0.00730048 125.6
180	1	7900.9	960675	40711	18692	31308	0	0.1 StemSuffixMorphs 33607 50000 0.754901 2991.02 Stem 4050 33607 0.00189606 1151.99 PrefixMorph 1932 43697 0.0942246 289.919 SuffixMorph 508 32046 0.0316637 76.0718 SubMorph 614 12505 0.00215211 139.178
190	1	8266.21	960209	40838	18701	31299	0	0.1 StemSuffixMorphs 33734 50000 0.763568 2683.48 Stem 4129 33734 0.0459409 1059.4 PrefixMorph 1852 43687 0.091962 273.406 SuffixMorph 515 32192 0.00153086 80.2335 SubMorph 608 12522 0.00846243 133.531
200	1	8631.78	958768	40928	18730	31270	0	0.1 StemSuffixMorphs 33780 50000 0.761964 2889.16 Stem 4168 33780 0.0264703 1138.08 PrefixMorph 1861 43565 0.127637 251.979 SuffixMorph 526 32210 0.0109737 83.3456 SubMorph 593 12607 0.00673504 118.928
210	1	9006.04	957025	40956	18874	31126	0	0.1 StemSuffixMorphs 33768 50000 0.764007 2614.41 Stem 4232 33768 0.0857225 993.655 PrefixMorph 1827 43584 0.118178 234.893 SuffixMorph 524 32200 0.0133596 83.703 SubMorph 605 12716 0.00202038 112.628
220	1	9365.77	954521	40891	19317	30683	0	0.1 StemSuffixMorphs 33805 50000 0.76161 2835.63 Stem 4204 33805 0.0683343 989.731 PrefixMorph 1797 43598 0.0827143 290.916 SuffixMorph 497 32216 0.00139085 80.3124 SubMorph 588 12581 0.00327106 134.125
230	1	9745.97	952339	41117	19965	30035	0	0.1 StemSuffixMorphs 33874 50000 0.763306 2929.83 Stem 4271 33874 0.0875985 1011.6 PrefixMorph 1834 43524 0.0946287 276.06 SuffixMorph 509 32296 0.000414859 87.3051 SubMorph 629 12782 0.0120663 138.028
240	1	10131.9	953467	41076	19767	30233	0	0.1 StemSuffixMorphs 33866 50000 0.766116 3005.26 Stem 4230 33866 0.0339736 1145.87 PrefixMorph 1826 43492 0.126163 237.314 SuffixMorph 533 32187 0.000315202 93.5963 SubMorph 621 12726 0.00653061 135.086
250	1	10509.8	951315	41230	20201	29799	0	0.1 StemSuffixMorphs 34094 50000 0.774513 2616.46 Stem 4257 34094 0.0712648 1030.33 PrefixMorph 1769 43490 0.136928 211.494 SuffixMorph 508 32435 0.0011126 77.1329 SubMorph 602 12695 0.00539322 129.186
260	1	10877.6	951052	41325	20236	29764	0	0.1 StemSuffixMorphs 34156 50000 0.771723 2558.83 Stem 4245 34156 0.0733667 998.787 PrefixMorph 1791 43472 0.14063 226.742 SuffixMorph 524 32508 2.61528e-06 83.0129 SubMorph 609 12681 0.00106933 136.33
270	1	11251	951262	41293	20080	29920	0	0.1 StemSuffixMorphs 34106 50000 0.764403 3160.82 Stem 4248 34106 0.0686272 1021.9 PrefixMorph 1809 43427 0.143458 217.943 SuffixMorph 522 32476 0.00197145 88.2587 SubMorph 608 12698 0.000887427 127.397
280	1	11634.5	950071	41180	20128	29872	0	0.1 StemSuffixMorphs 34063 50000 0.761491 3219.06 Stem 4239 34063 0.0637517 1031.34 PrefixMorph 1743 43500 0.116275 256.876 SuffixMorph 534 32473 0.00223819 90.3231 SubMorph 601 12639 0.00528242 130.866
290	1	12032.4	949707	41235	20614	29386	0	0.1 StemSuffixMorphs 34101 50000 0.767471 2676.67 Stem 4270 34101 0.020948 1237.98 PrefixMorph 1692 43271 0.11386 218.237 SuffixMorph 568 32374 0.00460936 93.3795 SubMorph 604 12688 0.000729571 130.162
300	1	12434.4	949538	41506	20589	29411	0	0.1 StemSuffixMorphs 34235 50000 0.771263 2903.69 Stem 4410 34235 0.0648927 1050.81 PrefixMorph 1735 43267 0.112141 231.04 SuffixMorph 541 32541 0.000160326 92.3569 SubMorph 585 12902 0.00288324 129.119
310	1	12803.7	947912	41521	20621	29379	0	0.1 StemSuffixMorphs 34355 50000 0.767783 2884.06 Stem 4330 34355 0.0466939 1079.66 PrefixMorph 1684 43290 0.126792 227.832 SuffixMorph 538 32687 0.026527 79.4774 SubMorph 614 12729 0.0118307 123.892
320	1	13170	943638	41452	21561	28439	0	0.1 StemSuffixMorphs 34293 50000 0.775778 2747.88 Stem 4378 34293 0.0555536 1135.29 PrefixMorph 1664 43228 0.133791 194.957 SuffixMorph 534 32492 0.0117708 78.9561 SubMorph 583 12812 0.00176485 116.909
330	1	13535.1	943575	41533	21762	28238	0	0.1 StemSuffixMorphs 34353 50000 0.770628 2772.07 Stem 4386 34353 0.0548107 1136.9 PrefixMorph 1669 43191 0.104223 232.127 SuffixMorph 524 32592 0.00659531 85.0704 SubMorph 601 12762 0.0150798 120.732
340	1	13896.5	941082	41317	22053	27947	1	0.1 StemSuffixMorphs 34149 50000 0.767154 2894.05 Stem 4388 34149 0.0507887 1106.77 PrefixMorph 1653 43197 0.104036 229.127 SuffixMorph 531 32433 0.00536292 88.3965 SubMorph 596 12784 0.0127655 112.945
350	1	14261.5	941069	41577	22205	27795	0	0.1 StemSuffixMorphs 34363 50000 0.770757 2680.27 Stem 4425 34363 0.101462 1010.25 PrefixMorph 1667 43147 0.125655 220.77 SuffixMorph 540 32662 0.0263292 76.3778 SubMorph 582 12918 0.000646685 121.853
360	1	14622.1	940075	41337	22379	27621	0	0.1 StemSuffixMorphs 34204 50000 0.772769 2704.09 Stem 4372 34204 0.0579568 1108.11 PrefixMorph 1627 43119 0.154412 186.364 SuffixMorph 523 32525 0.00573713 79.9455 SubMorph 611 12760 0.00463564 139.005
370	1	14982.7	941263	41573	22512	27488	0	0.1 StemSuffixMorphs 34426 50000 0.774639 2965.97 Stem 4402 34426 0.046405 1118.31 PrefixMorph 1589 43178 0.101376 213.946 SuffixMorph 528 32684 0.0158358 89.0578 SubMorph 628 12747 0.0024198 133.193
380	1	15353.8	940134	41864	22389	27611	0	0.1 StemSuffixMorphs 34620 50000 0.773611 3074.08 Stem 4467 34620 0.0796389 1073.88 PrefixMorph 1612 43148 0.135943 181.926 SuffixMorph 552 32930 0.00330533 88.1325 SubMorph 613 12872 0.00789808 135.315
390	1	15722.8	939005	41663	22503	27497	0	0.1 StemSuffixMorphs 34461 50000 0.770728 2817.92 Stem 4499 34461 0.0854668 1061.43 PrefixMorph 1586 43102 0.150025 160.379 SuffixMorph 524 32784 0.00369206 84.7625 SubMorph 593 12958 0.00207423 128.919
400	1	16288.3	937251	41554	22882	27118	0	0.1 StemSuffixMorphs 34377 50000 0.761816 3006.23 Stem 4425 34377 0.0786158 1050.47 PrefixMorph 1620 42962 0.147014 177.322 SuffixMorph 542 32708 0.0322112 83.9888 SubMorph 590 12899 0.00496639 123.554
410	1	16646.7	938262	41760	22553	27447	0	0.1 StemSuffixMorphs 34544 50000 0.775305 3096.99 Stem 4454 34544 0.0660439 1055.38 PrefixMorph 1616 42997 0.154827 173.972 SuffixMorph 547 32787 0.00197336 92.1221 SubMorph 599 12918 0.00208732 119.172
420	1	17019.9	937627	41936	22383	27617	0	0.1 StemSuffixMorphs 34724 50000 0.781787 2666.39 Stem 4492 34724 0.0790153 1062.71 PrefixMorph 1599 42970 0.126222 204.112 SuffixMorph 527 32924 0.00531007 86.8315 SubMorph 594 12957 0.0029646 125.076
430	1	17379.7	938941	41853	22150	27850	1	0.1 StemSuffixMorphs 34568 50000 0.773312 2966.47 Stem 4522 34568 0.0862688 1023.78 PrefixMorph 1630 43001 0.107108 247.933 SuffixMorph 525 32744 0.000634972 87.1626 SubMorph 608 12979 0.00429924 125.153
440	1	17760.9	939888	41794	22108	27892	0	0.1 StemSuffixMorphs 34579 50000 0.770655 2885.19 Stem 4461 34579 0.0209381 1249.69 PrefixMorph 1632 42914 0.152037 187.57 SuffixMorph 534 32816 0.00921366 82.217 SubMorph 588 12989 0.0101914 112.781
450	1	18159.7	939485	41822	22338	27662	1	0.1 StemSuffixMorphs 34571 50000 0.774925 2916.7 Stem 4499 34571 0.0545046 1141.9 PrefixMorph 1635 42897 0.142947 218.53 SuffixMorph 534 32842 0.00122063 82.9901 SubMorph 583 13048 0.000250773 121.654
460	1	18526.7	938424	42044	22510	27490	0	0.1 StemSuffixMorphs 34791 50000 0.783075 2720.7 Stem 4503 34791 0.0443664 1176.94 PrefixMorph 1620 42874 0.164081 180.276 SuffixMorph 523 33025 0.00282861 81.6439 SubMorph 607 13003 0.00221422 135.548
470	1	18897.5	939426	41932	22423	27577	1	0.1 StemSuffixMorphs 34722 50000 0.776561 2626.03 Stem 4458 34722 0.036701 1187.85 PrefixMorph 1620 42862 0.147335 190.198 SuffixMorph 532 32920 0.00901024 79.1259 SubMorph 600 12942 0.00756069 125.162
480	1	19263.9	937817	42098	22629	27371	0	0.1 StemSuffixMorphs 34831 50000 0.775568 2830.16 Stem 4529 34831 0.0688806 1138.24 PrefixMorph 1593 42747 0.159469 167.991 SuffixMorph 534 33082 0.00267758 88.8497 SubMorph 611 13039 0.00154935 128.303
490	1	19623	937131	42200	22799	27201	1	0.1 StemSuffixMorphs 34882 50000 0.78343 2905.65 Stem 4590 34882 0.0583632 1160.81 PrefixMorph 1604 42728 0.135882 183.941 SuffixMorph 523 33115 0.0100799 81.0128 SubMorph 601 13175 0.00441374 127.869
500	1	19985.1	934004	42076	23134	26866	0	0.1 StemSuffixMorphs 34820 50000 0.780162 2581.59 Stem 4550 34820 0.0671336 1160.29 PrefixMorph 1581 42652 0.146064 174.125 SuffixMorph 530 33088 0.0117867 88.642 SubMorph 595 13065 0.00437043 126.28
