# D = 1, E = 1, I = 1, P = 0, R = -1, n = 500, N = 1, P = 0, w = 1, a = 0.1, b = 1000, e = 1, f = 1, g = 10, h = 0.1, r = 1629240383, s = 1, S = 0, x = 10, m = 0, Z = 1, z = 0, T = 1, t = 1
# 703628 tokens in 50000 sentences
#
# It	Temp	Time	-logP	tables	same	changed	reject	default_pya	(parent pym pyn pya pyb)*
0	1	18.1217	3.69635e+06	558310	0	50000	0	0.1 Prefix 50000 50000 0.1 1000 Stem 50000 50000 0.1 1000 Suffix 50000 50000 0.1 1000 SuffixMorph 52078 52078 0.1 1000 SubMorph 304091 304091 0.1 1000 PrefixMorph 52141 52141 0.1 1000
10	1	2064.17	1.26863e+06	26666	1196	48804	0	0.1 Prefix 9141 50000 0.276781 1398.65 Stem 6256 50000 0.135128 1283.26 Suffix 7115 50000 0.308276 799.538 SuffixMorph 850 6007 0.0712129 227.302 SubMorph 1681 14035 0.00277821 461.761 PrefixMorph 1623 9705 0.201642 342.248
20	1	2471.33	1.20715e+06	21889	1635	48365	0	0.1 Prefix 8775 50000 0.389018 869.428 Stem 4718 50000 0.0892255 966.708 Suffix 6070 50000 0.319358 581.866 SuffixMorph 485 5811 0.0111603 124.21 SubMorph 967 10569 0.00651098 231.24 PrefixMorph 874 9504 0.0131191 206.173
30	1	2833.78	1.18601e+06	19984	1853	48147	0	0.1 Prefix 8399 50000 0.411067 655.399 Stem 4505 50000 0.058491 954.949 Suffix 5232 50000 0.292866 529.955 SuffixMorph 350 5166 0.0145659 83.0427 SubMorph 794 9989 0.0187526 198.304 PrefixMorph 704 9410 0.00238823 170.014
40	1	3168.67	1.17432e+06	19228	1942	48058	0	0.1 Prefix 8231 50000 0.41825 636.088 Stem 4517 50000 0.0248223 1140.49 Suffix 4862 50000 0.288155 461.792 SuffixMorph 288 4991 0.0178129 58.1759 SubMorph 717 9788 0.000934139 190.661 PrefixMorph 613 9341 0.0251587 133.067
50	1	3485.65	1.16552e+06	18554	2294	47706	0	0.1 Prefix 8100 50000 0.464524 439.277 Stem 4527 50000 0.0674492 980.419 Suffix 4384 50000 0.280692 429.24 SuffixMorph 290 4590 0.0232794 62.2979 SubMorph 668 9885 0.00301316 151.473 PrefixMorph 585 9172 0.0587767 108.843
60	1	3804.32	1.15833e+06	18341	2385	47615	0	0.1 Prefix 8413 50000 0.484659 457.716 Stem 4390 50000 0.055896 982.204 Suffix 4044 50000 0.214257 494.594 SuffixMorph 271 4239 0.0137867 56.7452 SubMorph 650 9747 0.00198842 151.064 PrefixMorph 573 9334 0.00595735 122.87
70	1	4120.22	1.1556e+06	18117	2537	47463	0	0.1 Prefix 8245 50000 0.485212 378.553 Stem 4501 50000 0.0584008 977.836 Suffix 3928 50000 0.206369 490.407 SuffixMorph 257 4120 0.0265861 57.2943 SubMorph 640 9885 0.00318521 148.117 PrefixMorph 546 9184 0.0214635 110.159
80	1	4430.43	1.14444e+06	17328	2799	47201	0	0.1 Prefix 7991 50000 0.477525 369.71 Stem 4480 50000 0.0406463 991.403 Suffix 3503 50000 0.189104 420.336 SuffixMorph 234 3817 0.00358084 49.1284 SubMorph 607 9859 0.00212662 142.129 PrefixMorph 513 8926 0.0349128 121.159
90	1	4740.26	1.14164e+06	16429	2788	47212	0	0.1 Prefix 7283 50000 0.456955 340.044 Stem 4485 50000 0.0688537 952.981 Suffix 3322 50000 0.157074 467.52 SuffixMorph 230 3686 0.00786219 53.5671 SubMorph 609 9853 0.0276385 128.306 PrefixMorph 500 8396 0.00752977 112.18
100	1	5041.46	1.1396e+06	16539	2838	47162	0	0.1 Prefix 7300 50000 0.443003 431.564 Stem 4656 50000 0.0948036 937.394 Suffix 3259 50000 0.211822 362.36 SuffixMorph 216 3632 0.0135627 47.7922 SubMorph 604 10051 0.0117153 134.69 PrefixMorph 504 8341 0.00583335 103.745
110	1	5347	1.13427e+06	16342	2924	47076	1	0.1 Prefix 7101 50000 0.44981 382.064 Stem 4558 50000 0.037684 1051.52 Suffix 3365 50000 0.242561 344.827 SuffixMorph 215 3775 0.0183755 45.187 SubMorph 603 9999 0.0183085 124.588 PrefixMorph 500 8055 0.0230406 105.403
120	1	5648.37	1.13323e+06	16551	3062	46938	0	0.1 Prefix 7332 50000 0.478756 336.614 Stem 4627 50000 0.050952 1039.36 Suffix 3276 50000 0.234686 328.262 SuffixMorph 216 3699 0.00930718 45.6238 SubMorph 607 10090 0.00501397 123.449 PrefixMorph 493 8304 0.0288649 94.6318
130	1	5943.51	1.12704e+06	16599	3303	46697	0	0.1 Prefix 7447 50000 0.506105 268.151 Stem 4653 50000 0.0681161 975.27 Suffix 3217 50000 0.265295 284.033 SuffixMorph 219 3660 0.0154481 43.7079 SubMorph 589 10164 0.000426828 129.71 PrefixMorph 474 8351 0.0622788 84.044
140	1	6227.74	1.12361e+06	16017	3507	46493	0	0.1 Prefix 7027 50000 0.492505 309.02 Stem 4685 50000 0.0596489 1088.22 Suffix 3068 50000 0.221304 329.476 SuffixMorph 205 3507 0.0431798 44.6158 SubMorph 561 10151 0.0108586 131.336 PrefixMorph 471 8062 0.00217061 92.5193
150	1	6522.1	1.12446e+06	16321	3434	46566	0	0.1 Prefix 7241 50000 0.501706 276.605 Stem 4751 50000 0.0702064 1030.76 Suffix 3091 50000 0.244902 297.409 SuffixMorph 206 3538 0.0531369 42.6051 SubMorph 580 10276 0.0075894 119.766 PrefixMorph 452 8307 0.0107853 92.7772
160	1	6815.6	1.12383e+06	16298	3548	46452	0	0.1 Prefix 7096 50000 0.470259 330.28 Stem 4737 50000 0.0379116 1093.41 Suffix 3211 50000 0.243428 296.726 SuffixMorph 215 3602 0.100095 31.1462 SubMorph 584 10266 0.00806069 119.291 PrefixMorph 455 8135 0.00935171 105.212
170	1	7110.41	1.122e+06	15995	3488	46512	0	0.1 Prefix 7012 50000 0.485963 285.754 Stem 4744 50000 0.0670035 1034.12 Suffix 3014 50000 0.224246 282.566 SuffixMorph 209 3486 0.0289392 46.626 SubMorph 570 10294 0.00378306 115.157 PrefixMorph 446 7993 0.0603836 75.6154
180	1	7399.05	1.11861e+06	16162	3800	46200	0	0.1 Prefix 7232 50000 0.500309 264.387 Stem 4806 50000 0.0602497 1061.04 Suffix 2883 50000 0.247902 243.726 SuffixMorph 209 3342 0.0023285 48.3031 SubMorph 576 10341 0.0027242 123.649 PrefixMorph 456 8147 0.0281469 97.7244
190	1	7693.57	1.11578e+06	15558	3863	46137	0	0.1 Prefix 6874 50000 0.490654 229.059 Stem 4643 50000 0.0460148 1074.37 Suffix 2837 50000 0.208373 289.435 SuffixMorph 186 3289 0.0058323 37.5145 SubMorph 582 10194 0.00305315 125.924 PrefixMorph 436 7824 0.0110443 95.9167
200	1	7979.61	1.11004e+06	15369	4026	45974	1	0.1 Prefix 6838 50000 0.49787 239.12 Stem 4648 50000 0.039702 1072.84 Suffix 2723 50000 0.221171 257.908 SuffixMorph 182 3152 0.0021799 37.8525 SubMorph 544 10151 0.0114383 113.734 PrefixMorph 434 7850 0.000486072 106.463
210	1	8265.15	1.11045e+06	15603	4141	45859	0	0.1 Prefix 6985 50000 0.498749 268.538 Stem 4709 50000 0.0341 1117.97 Suffix 2710 50000 0.223978 259.949 SuffixMorph 188 3169 0.0262163 34.4139 SubMorph 572 10305 0.00285575 128.453 PrefixMorph 439 7933 0.0051821 96.7251
220	1	8556.31	1.10879e+06	15624	4260	45740	0	0.1 Prefix 7133 50000 0.50765 260.961 Stem 4775 50000 0.0615075 1081.78 Suffix 2560 50000 0.208173 275.163 SuffixMorph 182 3070 0.0190796 51.3227 SubMorph 550 10411 0.0112843 118.69 PrefixMorph 424 8035 0.0039798 90.5702
230	1	8846.29	1.10863e+06	15600	4194	45806	0	0.1 Prefix 6883 50000 0.473981 293.569 Stem 4875 50000 0.0739869 1025.9 Suffix 2678 50000 0.243331 245.484 SuffixMorph 179 3202 0.000292788 40.5645 SubMorph 538 10538 0.00221705 109.668 PrefixMorph 447 7849 0.00775235 94.631
240	1	9128.51	1.10478e+06	15302	4475	45525	0	0.1 Prefix 6692 50000 0.473238 259.175 Stem 4830 50000 0.0791462 1022.24 Suffix 2583 50000 0.253093 213.638 SuffixMorph 179 3112 0.0472619 34.6214 SubMorph 571 10509 0.00719986 133.926 PrefixMorph 447 7716 0.0301419 91.8842
250	1	9411.11	1.10415e+06	15193	4601	45399	0	0.1 Prefix 6772 50000 0.498614 215.882 Stem 4793 50000 0.0638911 1066.29 Suffix 2465 50000 0.232492 212.895 SuffixMorph 185 2967 0.01219 42.173 SubMorph 550 10483 0.0108776 109.739 PrefixMorph 428 7807 0.0217761 83.1154
260	1	9693.89	1.10503e+06	15761	4417	45583	0	0.1 Prefix 7209 50000 0.497625 271.998 Stem 4797 50000 0.0542471 1081.72 Suffix 2576 50000 0.222924 248.136 SuffixMorph 191 3104 0.0190342 37.6105 SubMorph 556 10498 0.00377844 116.48 PrefixMorph 432 8112 0.0273769 92.6538
270	1	9989.87	1.10101e+06	15284	4627	45373	1	0.1 Prefix 6877 50000 0.487837 270.628 Stem 4825 50000 0.0491098 1150.04 Suffix 2449 50000 0.230743 219.06 SuffixMorph 181 2966 0.0303785 45.9502 SubMorph 538 10533 0.00390186 108.872 PrefixMorph 414 7872 0.0139785 93.5359
280	1	10282.8	1.10121e+06	15022	4845	45155	0	0.1 Prefix 6630 50000 0.45414 308.002 Stem 4829 50000 0.0648905 1060.96 Suffix 2373 50000 0.211034 227.38 SuffixMorph 180 2870 0.0387766 42.4269 SubMorph 576 10583 0.00392053 125.94 PrefixMorph 434 7533 0.0334594 103.043
290	1	10576.7	1.10001e+06	15351	4851	45149	0	0.1 Prefix 6737 50000 0.474027 255.775 Stem 4925 50000 0.0858922 1055.24 Suffix 2547 50000 0.262197 186.695 SuffixMorph 173 2980 8.92594e-05 36.2982 SubMorph 563 10641 0.0157744 121.529 PrefixMorph 406 7541 0.00673148 95.0676
300	1	10869.1	1.09927e+06	14962	4945	45055	0	0.1 Prefix 6545 50000 0.464241 284.43 Stem 4857 50000 0.0782861 1039.74 Suffix 2435 50000 0.21731 246.304 SuffixMorph 168 2920 0.00657916 34.1168 SubMorph 537 10624 0.0018998 111.482 PrefixMorph 420 7314 0.0579566 71.9939
310	1	11147.1	1.09664e+06	14990	5233	44767	0	0.1 Prefix 6561 50000 0.479963 257.566 Stem 4912 50000 0.0714245 1041.75 Suffix 2383 50000 0.24895 193.164 SuffixMorph 159 2861 0.00926947 36.3941 SubMorph 543 10685 0.0003337 115.021 PrefixMorph 432 7360 0.0304048 95.9023
320	1	11419.8	1.09552e+06	14931	5238	44762	0	0.1 Prefix 6467 50000 0.475916 255.669 Stem 5010 50000 0.0649598 1122.09 Suffix 2334 50000 0.23919 204.321 SuffixMorph 162 2782 0.0105007 33.8078 SubMorph 551 10768 0.0310391 113.132 PrefixMorph 407 7321 0.0364788 74.7867
330	1	11685.1	1.09324e+06	14746	5342	44658	0	0.1 Prefix 6415 50000 0.483247 243.806 Stem 4977 50000 0.0535377 1157.28 Suffix 2262 50000 0.228062 197.289 SuffixMorph 168 2740 0.0416113 35.9697 SubMorph 531 10726 0.00261968 108.785 PrefixMorph 393 7398 0.0385583 76.3783
340	1	11947.7	1.0909e+06	14664	5280	44720	0	0.1 Prefix 6487 50000 0.480936 233.413 Stem 4933 50000 0.0799867 1038.87 Suffix 2175 50000 0.212387 193.006 SuffixMorph 163 2725 0.000932263 35.9431 SubMorph 509 10738 0.00909135 113.356 PrefixMorph 397 7357 0.00926916 87.2475
350	1	12210.3	1.09209e+06	14848	5231	44769	0	0.1 Prefix 6364 50000 0.474628 275.668 Stem 4962 50000 0.0609858 1113.8 Suffix 2405 50000 0.257406 176.519 SuffixMorph 163 2936 0.00439126 42.736 SubMorph 551 10777 0.00354142 116.764 PrefixMorph 403 7318 0.0178388 88.7561
360	1	12473.3	1.09047e+06	14677	5415	44585	2	0.1 Prefix 6064 50000 0.472578 216.358 Stem 4964 50000 0.0818575 1016.45 Suffix 2534 50000 0.288734 168.815 SuffixMorph 161 3059 0.0320607 33.5465 SubMorph 544 10807 0.0131483 120.339 PrefixMorph 410 7040 0.0045281 80.2343
370	1	12731.9	1.08887e+06	14506	5454	44546	0	0.1 Prefix 6065 50000 0.450983 245.395 Stem 4992 50000 0.0514187 1154.97 Suffix 2354 50000 0.279482 158.707 SuffixMorph 151 2865 0.0220242 32.3168 SubMorph 520 10855 0.0115245 113.069 PrefixMorph 424 7167 0.0195824 91.4213
380	1	12991.3	1.09004e+06	14489	5330	44670	0	0.1 Prefix 6126 50000 0.46719 254.036 Stem 4969 50000 0.0738425 1083.77 Suffix 2324 50000 0.247846 181.767 SuffixMorph 159 2863 0.0410789 31.5234 SubMorph 522 10824 0.0264924 101.199 PrefixMorph 389 7157 0.00700935 82.1147
390	1	13256.5	1.09209e+06	14709	5100	44900	0	0.1 Prefix 6280 50000 0.470289 238.982 Stem 5020 50000 0.0741808 1099.41 Suffix 2305 50000 0.283798 137.27 SuffixMorph 150 2849 0.00213278 35.9155 SubMorph 540 10842 0.00208645 108.976 PrefixMorph 414 7318 0.0710097 70.1354
400	1	13539.5	1.0902e+06	14415	5337	44663	1	0.1 Prefix 6035 50000 0.46624 262.295 Stem 4989 50000 0.0676816 1129.12 Suffix 2264 50000 0.247192 184.212 SuffixMorph 162 2814 0.00300684 32.6939 SubMorph 553 10868 0.000717523 125.252 PrefixMorph 412 7144 0.0104257 83.0171
410	1	13804.1	1.09048e+06	14564	5378	44622	0	0.1 Prefix 6121 50000 0.451888 253.701 Stem 5019 50000 0.0347753 1205.4 Suffix 2328 50000 0.267592 165.915 SuffixMorph 162 2839 0.0100964 32.2471 SubMorph 530 10895 0.00970645 106.712 PrefixMorph 404 7162 0.0271206 75.281
420	1	14074.8	1.09e+06	14722	5695	44305	0	0.1 Prefix 6204 50000 0.475676 251.742 Stem 5016 50000 0.0644386 1086.54 Suffix 2373 50000 0.301942 137.834 SuffixMorph 163 2874 0.0333905 30.6384 SubMorph 583 10862 0.00316937 129.004 PrefixMorph 383 7226 0.0134046 82.2116
430	1	14349.6	1.08925e+06	14532	5665	44335	1	0.1 Prefix 6115 50000 0.461375 263.947 Stem 4967 50000 0.0500495 1167.98 Suffix 2396 50000 0.285564 163.861 SuffixMorph 155 2908 0.00552984 31.9871 SubMorph 529 10869 0.000317417 126.212 PrefixMorph 370 6934 0.0204185 74.9883
440	1	14612.5	1.09099e+06	14740	5744	44256	0	0.1 Prefix 6080 50000 0.463061 256.393 Stem 5036 50000 0.0608275 1145.51 Suffix 2566 50000 0.289121 174.658 SuffixMorph 158 3066 0.00564476 35.9043 SubMorph 531 10910 0.00171091 108.082 PrefixMorph 369 7093 0.00976997 80.0024
450	1	14889.1	1.0887e+06	14766	5803	44197	0	0.1 Prefix 6337 50000 0.479999 258.816 Stem 5006 50000 0.0642955 1135.68 Suffix 2324 50000 0.270947 172.442 SuffixMorph 161 2827 0.0279685 31.9025 SubMorph 550 10856 0.000732647 115.175 PrefixMorph 388 7247 0.0109678 80.6251
460	1	15167.8	1.08614e+06	14646	6002	43998	1	0.1 Prefix 6164 50000 0.471703 216.603 Stem 5023 50000 0.0691808 1089.53 Suffix 2367 50000 0.266131 170.983 SuffixMorph 163 2875 0.00156263 37.0055 SubMorph 525 10912 0.00916767 109.776 PrefixMorph 404 7132 0.000958543 88.1031
470	1	15440.4	1.08503e+06	14406	6252	43748	1	0.1 Prefix 6058 50000 0.474471 209.583 Stem 5019 50000 0.0638556 1148.58 Suffix 2265 50000 0.27487 146.757 SuffixMorph 149 2822 0.00392911 32.1925 SubMorph 534 10896 0.0104742 119.766 PrefixMorph 381 6932 0.014694 78.7624
480	1	15718.1	1.08751e+06	14733	6110	43890	0	0.1 Prefix 6107 50000 0.478523 244.412 Stem 5097 50000 0.0669526 1162.45 Suffix 2430 50000 0.295662 141.118 SuffixMorph 159 2902 0.0160976 30.8777 SubMorph 569 10997 0.010131 115.558 PrefixMorph 371 7074 0.00219448 75.1282
490	1	15991.2	1.08514e+06	14304	6265	43735	0	0.1 Prefix 5898 50000 0.480223 214.507 Stem 5110 50000 0.0736277 1136.36 Suffix 2246 50000 0.259543 157.32 SuffixMorph 140 2748 0.015864 27.9941 SubMorph 533 11100 0.0072663 110.66 PrefixMorph 377 6850 0.0466968 73.1985
500	1	16265.6	1.08272e+06	14549	6227	43773	0	0.1 Prefix 6115 50000 0.467013 248.587 Stem 5108 50000 0.072936 1138.24 Suffix 2253 50000 0.261018 153.255 SuffixMorph 158 2751 0.0350401 36.8796 SubMorph 532 11127 0.0147384 121.59 PrefixMorph 383 6999 0.00413799 88.3353
