# D = 1, E = 1, I = 1, P = 0, R = -1, n = 500, N = 1, P = 0, w = 1, a = 0.1, b = 1000, e = 1, f = 1, g = 10, h = 0.1, r = 1629240390, s = 1, S = 0, x = 10, m = 0, Z = 1, z = 0, T = 1, t = 1
# 703628 tokens in 50000 sentences
#
# It	Temp	Time	-logP	tables	same	changed	reject	default_pya	(parent pym pyn pya pyb)*
0	1	18.1906	3.69629e+06	558272	0	50000	0	0.1 Prefix 50000 50000 0.1 1000 Stem 50000 50000 0.1 1000 Suffix 50000 50000 0.1 1000 SuffixMorph 52330 52330 0.1 1000 SubMorph 303877 303877 0.1 1000 PrefixMorph 52065 52065 0.1 1000
10	1	2047.01	1.25833e+06	26059	1168	48832	0	0.1 Prefix 9067 50000 0.317093 1196.19 Stem 6186 50000 0.157482 1137.21 Suffix 6896 50000 0.321599 709.451 SuffixMorph 776 5828 0.0336067 216.882 SubMorph 1664 13549 0.00484768 485.16 PrefixMorph 1470 9660 0.24581 216.402
20	1	2452.37	1.2067e+06	21021	1593	48407	0	0.1 Prefix 8378 50000 0.373223 806.021 Stem 4890 50000 0.0795873 1028.45 Suffix 5475 50000 0.260996 627.708 SuffixMorph 455 5224 0.0447701 97.5583 SubMorph 978 10730 0.00715946 245.447 PrefixMorph 845 9077 0.0110675 220.206
30	1	2809.99	1.18676e+06	19219	1793	48207	1	0.1 Prefix 8053 50000 0.404899 647.631 Stem 4579 50000 0.0247835 1081.5 Suffix 4719 50000 0.232375 586.046 SuffixMorph 358 4715 0.0282093 71.9743 SubMorph 804 10130 0.015393 182.52 PrefixMorph 706 9046 0.0091607 176.01
40	1	3143.22	1.17277e+06	18614	2043	47957	0	0.1 Prefix 7911 50000 0.452474 480.17 Stem 4573 50000 0.0219444 1125.23 Suffix 4449 50000 0.255554 492.855 SuffixMorph 319 4519 0.0122697 71.8663 SubMorph 725 10025 0.00964059 174.423 PrefixMorph 637 8998 0.0575279 132.516
50	1	3467.49	1.16158e+06	17915	2314	47686	0	0.1 Prefix 8004 50000 0.466776 430.531 Stem 4442 50000 0.0115436 1115.83 Suffix 3926 50000 0.218641 464.714 SuffixMorph 266 4118 0.0827029 48.4887 SubMorph 691 9833 0.0165133 165.092 PrefixMorph 586 9022 0.00395351 148.674
60	1	3787.36	1.15439e+06	17706	2425	47575	0	0.1 Prefix 7909 50000 0.494892 336.935 Stem 4452 50000 0.0140826 1083.42 Suffix 3895 50000 0.236595 456.584 SuffixMorph 257 4187 0.00643127 57.5228 SubMorph 632 9848 0.00958382 145.24 PrefixMorph 561 8890 0.0341423 111.795
70	1	4102.32	1.14975e+06	17230	2606	47394	1	0.1 Prefix 7715 50000 0.488183 347.368 Stem 4519 50000 0.0328915 1050.21 Suffix 3615 50000 0.195631 437.145 SuffixMorph 253 3905 0.0153015 53.9525 SubMorph 608 9948 0.0145423 127.57 PrefixMorph 520 8715 0.0572484 109.061
80	1	4420.03	1.14633e+06	16795	2717	47283	0	0.1 Prefix 7583 50000 0.464418 401.477 Stem 4534 50000 0.0208344 1110.92 Suffix 3305 50000 0.179158 431.243 SuffixMorph 244 3637 0.017453 53.9127 SubMorph 610 9949 0.00976108 137.807 PrefixMorph 519 8606 0.00644922 122.619
90	1	4734.81	1.14365e+06	16796	2727	47273	0	0.1 Prefix 7579 50000 0.477587 333.74 Stem 4554 50000 0.0503837 1007.24 Suffix 3329 50000 0.192394 409.765 SuffixMorph 228 3656 0.0024342 54.9213 SubMorph 604 10005 0.00922745 126.475 PrefixMorph 502 8585 0.030337 96.3819
100	1	5049.26	1.13933e+06	16238	2826	47174	0	0.1 Prefix 7442 50000 0.473917 354.035 Stem 4469 50000 0.0525236 987.742 Suffix 2999 50000 0.102002 485.064 SuffixMorph 217 3334 0.00231752 50.4878 SubMorph 607 9912 0.00905911 133.721 PrefixMorph 504 8618 0.0341174 100.906
110	1	5358.8	1.13221e+06	16335	3017	46983	0	0.1 Prefix 7359 50000 0.503902 254.858 Stem 4588 50000 0.0265495 1116.63 Suffix 3091 50000 0.201111 357.286 SuffixMorph 210 3462 0.0105 47.0441 SubMorph 595 10115 0.0218046 132.539 PrefixMorph 492 8464 0.0592957 84.5489
120	1	5662.11	1.1287e+06	15758	3073	46927	1	0.1 Prefix 6895 50000 0.478642 285.703 Stem 4655 50000 0.0331217 1089.59 Suffix 2935 50000 0.169238 390.753 SuffixMorph 210 3342 0.0118276 46.6139 SubMorph 575 10185 0.00912872 134.569 PrefixMorph 488 8089 0.012934 108.328
130	1	5952.77	1.12457e+06	15570	3333	46667	0	0.1 Prefix 6787 50000 0.474248 285.505 Stem 4670 50000 0.0699596 982.149 Suffix 2854 50000 0.189862 318.087 SuffixMorph 195 3284 0.000185784 53.8516 SubMorph 585 10227 0.013783 131.701 PrefixMorph 479 7881 0.024771 109.786
140	1	6242.22	1.12313e+06	15517	3430	46570	0	0.1 Prefix 6894 50000 0.479952 275.129 Stem 4602 50000 0.0618048 1002.49 Suffix 2809 50000 0.175881 342.219 SuffixMorph 192 3261 0.0459709 42.7758 SubMorph 548 10107 0.00342273 122.615 PrefixMorph 472 8076 0.00267822 99.2384
150	1	6526.88	1.1219e+06	15272	3506	46494	1	0.1 Prefix 6671 50000 0.475277 268.069 Stem 4566 50000 0.0203076 1117.78 Suffix 2840 50000 0.162063 382.633 SuffixMorph 180 3317 0.00202787 47.612 SubMorph 564 10099 0.0163289 119.541 PrefixMorph 451 7917 0.0342363 90.3394
160	1	6808.04	1.12049e+06	15255	3431	46569	1	0.1 Prefix 6763 50000 0.463618 305.689 Stem 4615 50000 0.00445822 1185.21 Suffix 2691 50000 0.168499 315.342 SuffixMorph 182 3149 0.0129267 40.8668 SubMorph 555 10184 0.00435237 118.104 PrefixMorph 449 8032 0.00983997 91.6219
170	1	7092.01	1.1206e+06	15155	3515	46485	1	0.1 Prefix 6762 50000 0.457984 310.51 Stem 4539 50000 0.000898008 1179.18 Suffix 2692 50000 0.197393 290.268 SuffixMorph 181 3127 0.011107 38.5656 SubMorph 551 10077 9.06798e-06 122.754 PrefixMorph 430 7956 0.00827717 84.372
180	1	7380.53	1.11893e+06	15760	3529	46471	1	0.1 Prefix 7049 50000 0.470017 352.767 Stem 4710 50000 0.0340916 1123.83 Suffix 2819 50000 0.224513 274.729 SuffixMorph 184 3247 0.00681692 37.1458 SubMorph 538 10352 0.00276078 109.379 PrefixMorph 460 8121 0.0104878 99.5055
190	1	7670.95	1.11578e+06	15603	3674	46326	0	0.1 Prefix 7051 50000 0.489883 269.748 Stem 4675 50000 0.0345527 1099.71 Suffix 2714 50000 0.207185 287.022 SuffixMorph 183 3139 0.0152932 43.3631 SubMorph 537 10331 0.00969298 120.944 PrefixMorph 443 8275 3.83701e-05 102.463
200	1	7961.66	1.11494e+06	15275	3899	46101	0	0.1 Prefix 6629 50000 0.47608 279.59 Stem 4706 50000 0.0234935 1185.27 Suffix 2781 50000 0.220112 287.436 SuffixMorph 182 3219 0.034651 34.8748 SubMorph 530 10359 0.0120865 109.945 PrefixMorph 447 7699 0.00087072 97.152
210	1	8246.33	1.10888e+06	15293	4194	45806	0	0.1 Prefix 6725 50000 0.49183 263.653 Stem 4757 50000 0.0354803 1156.73 Suffix 2637 50000 0.209563 266.775 SuffixMorph 184 3098 0.00508402 37.9959 SubMorph 557 10400 0.0168935 117.076 PrefixMorph 433 7855 0.0238774 90.3949
220	1	8531.96	1.10791e+06	15253	4296	45704	1	0.1 Prefix 6751 50000 0.489036 263.28 Stem 4743 50000 0.0294391 1164.62 Suffix 2588 50000 0.22981 233.638 SuffixMorph 177 3036 0.0349985 30.9988 SubMorph 540 10445 0.0138927 111.359 PrefixMorph 454 7839 0.0128618 100.388
230	1	8815.1	1.10931e+06	14929	4258	45742	0	0.1 Prefix 6340 50000 0.466347 249.996 Stem 4813 50000 0.0594976 1049.23 Suffix 2596 50000 0.192379 296.247 SuffixMorph 188 3036 0.00970107 46.5684 SubMorph 555 10548 0.00729648 116.669 PrefixMorph 437 7429 0.0188666 96.7312
240	1	9099	1.1079e+06	15098	4293	45707	0	0.1 Prefix 6403 50000 0.486279 220.99 Stem 4888 50000 0.0434565 1164.78 Suffix 2645 50000 0.226761 254.421 SuffixMorph 173 3072 0.00713356 38.7905 SubMorph 556 10670 0.00172349 112.838 PrefixMorph 433 7485 0.0167009 95.5068
250	1	9381.32	1.10925e+06	15029	4166	45834	0	0.1 Prefix 6450 50000 0.484864 245.512 Stem 4846 50000 0.0325712 1163.76 Suffix 2619 50000 0.197022 274.465 SuffixMorph 162 3084 0.0159723 31.3041 SubMorph 550 10594 0.00341211 110.148 PrefixMorph 402 7651 0.0132311 79.791
260	1	9671.34	1.11035e+06	15307	4064	45936	0	0.1 Prefix 6687 50000 0.499143 235.304 Stem 4936 50000 0.0669275 1078.1 Suffix 2528 50000 0.1647 302.845 SuffixMorph 171 2933 0.0206093 33.9713 SubMorph 556 10780 0.000841755 126.799 PrefixMorph 429 7672 0.0662697 62.3614
270	1	9971.31	1.10351e+06	14775	4387	45613	0	0.1 Prefix 6291 50000 0.493472 243.38 Stem 4931 50000 0.0562125 1099.18 Suffix 2446 50000 0.147204 314.945 SuffixMorph 170 2847 0.0221951 37.9327 SubMorph 539 10756 0.0100876 115.967 PrefixMorph 398 7384 0.00321104 89.4619
280	1	10264.9	1.10346e+06	14978	4403	45597	0	0.1 Prefix 6533 50000 0.517733 215.816 Stem 4897 50000 0.030181 1217.72 Suffix 2398 50000 0.170034 278.538 SuffixMorph 166 2847 0.011824 36.8041 SubMorph 570 10767 0.00574566 117.213 PrefixMorph 414 7443 0.0260523 83.5097
290	1	10572.1	1.10251e+06	14932	4569	45431	2	0.1 Prefix 6429 50000 0.513249 188.864 Stem 4865 50000 0.0264178 1226.27 Suffix 2515 50000 0.200955 284.564 SuffixMorph 153 2983 0.0097442 35.0369 SubMorph 565 10605 0.00444068 120.659 PrefixMorph 405 7368 0.04125 71.1069
300	1	10871.3	1.09602e+06	14519	4793	45207	2	0.1 Prefix 6151 50000 0.50455 187.117 Stem 4822 50000 0.0308823 1136.8 Suffix 2412 50000 0.193077 243.806 SuffixMorph 154 2911 0.00892361 32.9165 SubMorph 562 10620 0.0213442 107.304 PrefixMorph 418 7202 0.00288307 88.1642
310	1	11154.1	1.09898e+06	15088	4830	45170	0	0.1 Prefix 6385 50000 0.509623 192.245 Stem 5034 50000 0.0530134 1175.14 Suffix 2556 50000 0.198065 258.245 SuffixMorph 154 3029 0.000508204 34.2576 SubMorph 552 10908 0.00497305 110.763 PrefixMorph 407 7359 0.00726515 83.1894
320	1	11433.7	1.09989e+06	14746	4757	45243	0	0.1 Prefix 6237 50000 0.503156 217.786 Stem 5003 50000 0.0401468 1199.49 Suffix 2396 50000 0.197316 222.522 SuffixMorph 168 2864 0.0515693 30.5064 SubMorph 545 10840 0.00129109 120.08 PrefixMorph 397 7204 0.00643476 90.4809
330	1	11713.7	1.09699e+06	14859	4872	45128	0	0.1 Prefix 6248 50000 0.509599 181.525 Stem 4904 50000 0.0280755 1242.72 Suffix 2578 50000 0.216728 257.254 SuffixMorph 164 3070 0.0198136 33.5891 SubMorph 554 10730 0.00206834 121.607 PrefixMorph 411 7284 0.00282334 91.9554
340	1	11995.4	1.09434e+06	14601	5123	44877	0	0.1 Prefix 6005 50000 0.501135 162.424 Stem 4979 50000 0.0267307 1227.4 Suffix 2496 50000 0.214558 248.825 SuffixMorph 160 3012 0.0355941 32.8763 SubMorph 549 10843 0.0040309 122.003 PrefixMorph 412 6945 0.013364 85.2237
350	1	12280.4	1.09393e+06	14917	5062	44938	1	0.1 Prefix 6459 50000 0.52221 167.685 Stem 4935 50000 0.0314058 1199.51 Suffix 2400 50000 0.192421 258.856 SuffixMorph 158 2906 0.0169947 29.7123 SubMorph 564 10820 0.00650768 126.398 PrefixMorph 401 7186 0.0161518 88.0413
360	1	12570.4	1.09322e+06	14934	5245	44755	0	0.1 Prefix 6436 50000 0.530089 167.779 Stem 4936 50000 0.0464601 1124.49 Suffix 2446 50000 0.206882 236.044 SuffixMorph 160 2891 0.0315251 27.8663 SubMorph 544 10814 0.000381939 116.585 PrefixMorph 412 7185 0.0153022 88.9845
370	1	12859	1.09291e+06	14933	5397	44603	1	0.1 Prefix 6279 50000 0.515678 179.613 Stem 4978 50000 0.0421768 1166.37 Suffix 2573 50000 0.216018 246.79 SuffixMorph 162 2988 0.00191006 32.7679 SubMorph 557 10864 0.00944001 126.62 PrefixMorph 384 6988 0.00104878 93.6625
380	1	13148.1	1.09757e+06	14983	5185	44815	1	0.1 Prefix 6369 50000 0.52141 178.369 Stem 5017 50000 0.0499796 1166.56 Suffix 2485 50000 0.206227 242.212 SuffixMorph 170 2912 0.0226837 34.5008 SubMorph 563 10956 0.000700763 123.497 PrefixMorph 379 7219 0.00754205 81.6503
390	1	13435.6	1.09513e+06	14930	5258	44742	0	0.1 Prefix 6409 50000 0.517797 159.205 Stem 4999 50000 0.0460404 1205.96 Suffix 2407 50000 0.184496 258.835 SuffixMorph 157 2859 0.00988874 38.8442 SubMorph 560 10979 0.0192779 121.906 PrefixMorph 398 7338 0.011754 81.3443
400	1	13720.2	1.09349e+06	15169	5431	44569	0	0.1 Prefix 6494 50000 0.516193 163.835 Stem 5089 50000 0.0461492 1208.39 Suffix 2480 50000 0.21362 231.271 SuffixMorph 160 2909 0.000320878 34.2486 SubMorph 548 11160 0.00871999 113.836 PrefixMorph 398 7357 0.00751788 86.1491
410	1	14002	1.09053e+06	14904	5719	44281	0	0.1 Prefix 6223 50000 0.536874 122.947 Stem 5032 50000 0.0486651 1122.92 Suffix 2541 50000 0.216343 257.028 SuffixMorph 151 3023 0.0012545 31.0105 SubMorph 563 11094 0.00528604 113.475 PrefixMorph 394 7087 0.0254456 77.0262
420	1	14286.3	1.09007e+06	14836	5922	44078	1	0.1 Prefix 6394 50000 0.531372 139.824 Stem 4983 50000 0.046569 1161.97 Suffix 2348 50000 0.207497 228.745 SuffixMorph 162 2825 0.00373661 45.3835 SubMorph 557 11083 0.0272129 114.465 PrefixMorph 392 7181 0.0137424 76.2572
430	1	14574.1	1.0879e+06	14574	5900	44100	1	0.1 Prefix 5936 50000 0.511422 172.535 Stem 5064 50000 0.0464277 1203.39 Suffix 2483 50000 0.224196 224.202 SuffixMorph 158 2943 0.0602752 30.2481 SubMorph 553 11155 0.000989125 125.499 PrefixMorph 380 6729 0.000348598 88.5759
440	1	14863.6	1.0864e+06	14648	5940	44060	0	0.1 Prefix 6160 50000 0.532996 120.225 Stem 5055 50000 0.0479613 1202.81 Suffix 2374 50000 0.21013 228.225 SuffixMorph 158 2850 0.0035532 37.8333 SubMorph 527 11043 0.00063961 112.85 PrefixMorph 374 6927 0.0256063 70.037
450	1	15152.7	1.0882e+06	14742	6148	43852	1	0.1 Prefix 6064 50000 0.498493 206.033 Stem 5083 50000 0.0337827 1210.04 Suffix 2509 50000 0.252894 195.433 SuffixMorph 155 2993 0.0204606 31.5594 SubMorph 538 11131 0.0270505 113.942 PrefixMorph 393 6768 0.0346416 86.4781
460	1	15438.3	1.08965e+06	14610	5862	44138	0	0.1 Prefix 5947 50000 0.517761 169.538 Stem 5124 50000 0.0538238 1208.05 Suffix 2415 50000 0.23585 198.925 SuffixMorph 164 2904 0.031338 32.6349 SubMorph 564 11219 0.00417964 119.518 PrefixMorph 396 6780 0.0268796 80.9076
470	1	15726.6	1.08977e+06	14615	5805	44195	2	0.1 Prefix 6182 50000 0.510442 164.393 Stem 5038 50000 0.0406093 1194.03 Suffix 2310 50000 0.170456 267.344 SuffixMorph 155 2813 0.0369747 30.2518 SubMorph 553 11099 0.0273206 115.743 PrefixMorph 377 7034 0.00773958 77.8331
480	1	16008	1.09113e+06	14556	5708	44292	0	0.1 Prefix 5965 50000 0.492196 203.043 Stem 5132 50000 0.0559191 1190 Suffix 2377 50000 0.208292 244.131 SuffixMorph 157 2845 0.018822 32.692 SubMorph 556 11242 0.0130258 111.991 PrefixMorph 369 6824 0.00717712 76.1297
490	1	16289.7	1.09103e+06	14317	5540	44460	0	0.1 Prefix 5759 50000 0.515538 182.588 Stem 5061 50000 0.0485218 1228.15 Suffix 2419 50000 0.229399 216.052 SuffixMorph 157 2886 0.0174632 31.7417 SubMorph 536 11157 0.00417722 121.587 PrefixMorph 385 6618 0.00636412 82.1105
500	1	16564.4	1.09013e+06	14467	5661	44339	0	0.1 Prefix 5821 50000 0.517246 140.96 Stem 5070 50000 0.0280656 1257.96 Suffix 2456 50000 0.206108 254.694 SuffixMorph 168 2937 0.0255557 32.31 SubMorph 555 11188 0.0229911 113.44 PrefixMorph 397 6649 0.00917842 79.7921
