# D = 1, E = 1, I = 1, P = 0, R = -1, n = 500, N = 1, P = 0, w = 1, a = 0.1, b = 1000, e = 1, f = 1, g = 10, h = 0.1, r = 1629240431, s = 1, S = 0, x = 10, m = 0, Z = 1, z = 0, T = 1, t = 1
# 703628 tokens in 50000 sentences
#
# It	Temp	Time	-logP	tables	same	changed	reject	default_pya	(parent pym pyn pya pyb)*
0	1	20.243	3.60699e+06	509577	0	50000	0	0.1 StemSuffixMorphs 50000 50000 0.1 1000 Stem 50000 50000 0.1 1000 PrefixMorph 52201 52201 0.1 1000 SuffixMorph 52411 52411 0.1 1000 SubMorph 304965 304965 0.1 1000
10	1	1650.16	1.09012e+06	36689	11582	38418	1	0.1 StemSuffixMorphs 24265 50000 0.56524 3529.57 Stem 3608 24265 0.0803472 938.076 PrefixMorph 5890 48576 0.00216001 1680.7 SuffixMorph 1115 22883 0.00379875 251.094 SubMorph 1811 16603 0.000376438 508.29
20	1	2044.96	1.04906e+06	38884	11793	38207	0	0.1 StemSuffixMorphs 29325 50000 0.662327 3680.97 Stem 3442 29325 0.0569415 845.936 PrefixMorph 4173 46045 0.00824078 1030.92 SuffixMorph 799 28201 0.00211271 147.336 SubMorph 1145 14002 0.000969074 293.712
30	1	2425.82	1.02714e+06	39570	12493	37507	0	0.1 StemSuffixMorphs 31093 50000 0.707531 3334.71 Stem 3583 31093 0.103449 764.906 PrefixMorph 3279 45349 0.00324692 774.506 SuffixMorph 722 29799 0.0141784 122.518 SubMorph 893 13164 0.00554194 210.72
40	1	2796.14	1.01065e+06	39300	13382	36618	0	0.1 StemSuffixMorphs 31460 50000 0.713129 2964.69 Stem 3523 31460 0.0662635 820.954 PrefixMorph 2859 45127 0.00924876 650.035 SuffixMorph 660 30382 0.00182417 120.323 SubMorph 798 12546 0.00579932 170.873
50	1	3167.59	999310	39581	14070	35930	0	0.1 StemSuffixMorphs 31992 50000 0.731969 2824.48 Stem 3555 31992 0.0592746 834.293 PrefixMorph 2664 44839 0.010464 584.492 SuffixMorph 643 30672 0.0158884 111.978 SubMorph 727 12421 0.0231669 167.532
60	1	3529.84	993049	39840	14741	35259	0	0.1 StemSuffixMorphs 32253 50000 0.733169 3382.21 Stem 3719 32253 0.0949648 780.722 PrefixMorph 2565 44698 0.0216168 531.258 SuffixMorph 586 30868 0.00330821 107.115 SubMorph 717 12527 0.00589747 149.963
70	1	3895.22	988908	40073	15237	34763	1	0.1 StemSuffixMorphs 32600 50000 0.744959 2756.64 Stem 3797 32600 0.0907878 828.404 PrefixMorph 2400 44435 0.0159353 515.629 SuffixMorph 592 31147 0.00366722 94.0656 SubMorph 684 12544 0.00826945 146.997
80	1	4264.95	982443	40124	15906	34094	1	0.1 StemSuffixMorphs 32742 50000 0.73636 3325.6 Stem 3831 32742 0.0737517 901.035 PrefixMorph 2300 44286 0.0556481 413.903 SuffixMorph 589 31315 0.0040054 99.8923 SubMorph 662 12451 0.00162515 156.237
90	1	4630.48	978181	40294	16327	33673	1	0.1 StemSuffixMorphs 33009 50000 0.750328 2831.94 Stem 3860 33009 0.0729396 924.341 PrefixMorph 2215 44190 0.0329293 422.584 SuffixMorph 561 31510 0.00486091 95.2996 SubMorph 649 12399 0.000269713 143.811
100	1	5000.06	973620	40456	16926	33074	0	0.1 StemSuffixMorphs 33101 50000 0.748138 2859.76 Stem 3964 33101 0.104017 839.285 PrefixMorph 2167 44110 0.0950635 332.744 SuffixMorph 581 31525 0.00553031 101.421 SubMorph 643 12487 0.000611534 136.898
110	1	5427.85	972268	40580	16859	33141	0	0.1 StemSuffixMorphs 33337 50000 0.759927 2708.23 Stem 3962 33337 0.0693892 929.48 PrefixMorph 2072 44097 0.0793128 340.999 SuffixMorph 568 31738 0.00466758 88.1758 SubMorph 641 12359 0.00552021 145.199
120	1	5813.86	968830	40717	17346	32654	0	0.1 StemSuffixMorphs 33529 50000 0.76096 2907.59 Stem 3967 33529 0.0351633 1018.17 PrefixMorph 2029 43997 0.0746455 350.578 SuffixMorph 548 31876 0.0018122 92.0232 SubMorph 644 12347 0.0179219 131.955
130	1	6186.74	967751	41055	17463	32537	1	0.1 StemSuffixMorphs 33727 50000 0.762742 2933.03 Stem 4069 33727 0.0704986 937.026 PrefixMorph 2052 43807 0.0988934 309.673 SuffixMorph 566 32000 0.000673204 93.1105 SubMorph 641 12570 0.00337403 140.643
140	1	6559.89	964052	40889	17940	32060	0	0.1 StemSuffixMorphs 33715 50000 0.76731 2692.39 Stem 4030 33715 0.053966 1006.02 PrefixMorph 1984 43711 0.0742413 323.946 SuffixMorph 550 31942 0.00603378 87.7256 SubMorph 610 12505 0.00489298 119.315
150	1	6936.24	961071	40899	18147	31853	0	0.1 StemSuffixMorphs 33735 50000 0.759475 2988.08 Stem 4098 33735 0.0833877 974.784 PrefixMorph 1873 43627 0.0730092 296.796 SuffixMorph 557 32041 0.0123588 91.4171 SubMorph 636 12430 0.0206323 115.738
160	1	7303.34	958996	40889	18668	31332	0	0.1 StemSuffixMorphs 33732 50000 0.763045 2817.35 Stem 4116 33732 0.087435 951.626 PrefixMorph 1853 43659 0.0821457 285.32 SuffixMorph 577 31980 0.00383951 91.8166 SubMorph 611 12462 0.00187375 133.776
170	1	7666.01	957574	40932	18908	31092	0	0.1 StemSuffixMorphs 33872 50000 0.763952 2970.9 Stem 4065 33872 0.0516885 1065.74 PrefixMorph 1811 43594 0.0525846 311.442 SuffixMorph 560 32064 0.00227814 93.0545 SubMorph 624 12337 0.00726231 120.413
180	1	8046.81	956414	40943	18843	31157	0	0.1 StemSuffixMorphs 33838 50000 0.760752 2884.2 Stem 4140 33838 0.0586397 1030.95 PrefixMorph 1829 43387 0.0637949 306.747 SuffixMorph 522 32085 0.00513307 92.6178 SubMorph 614 12459 0.0044961 125.868
190	1	8423.68	954970	41130	19077	30923	0	0.1 StemSuffixMorphs 33976 50000 0.766936 2935.94 Stem 4164 33976 0.059605 1054.58 PrefixMorph 1814 43376 0.0935891 284.043 SuffixMorph 550 32224 0.00522761 91.9678 SubMorph 626 12569 0.000304461 123.344
200	1	8786.69	954093	41085	19303	30697	0	0.1 StemSuffixMorphs 33875 50000 0.761694 3068.03 Stem 4213 33875 0.100433 882.337 PrefixMorph 1831 43424 0.108286 252.369 SuffixMorph 550 32145 0.0245239 83.3357 SubMorph 616 12646 0.00128153 133.859
210	1	9145.34	950522	41221	19804	30196	0	0.1 StemSuffixMorphs 34072 50000 0.772399 2701.8 Stem 4087 34072 0.102326 914.067 PrefixMorph 1883 43245 0.117925 284.775 SuffixMorph 576 32251 0.0090822 94.7225 SubMorph 603 12665 0.000167553 121.82
220	1	9505.92	951530	41380	19665	30335	1	0.1 StemSuffixMorphs 34271 50000 0.770543 3132.12 Stem 4178 34271 0.0558094 1002 PrefixMorph 1792 43278 0.0868078 270.88 SuffixMorph 556 32518 0.000823576 95.0456 SubMorph 583 12592 0.000967479 119.558
230	1	9877.24	950733	41337	19789	30211	0	0.1 StemSuffixMorphs 34199 50000 0.769972 2816.36 Stem 4262 34199 0.100501 941.769 PrefixMorph 1728 43240 0.0804804 275.862 SuffixMorph 550 32426 0.00470186 82.3855 SubMorph 598 12651 0.00679386 127.751
240	1	10240.1	949942	41443	19889	30111	0	0.1 StemSuffixMorphs 34309 50000 0.774489 2812.77 Stem 4215 34309 0.116204 879.643 PrefixMorph 1775 43127 0.111491 250.5 SuffixMorph 559 32508 5.4525e-05 91.5302 SubMorph 585 12703 0.00340937 122.441
250	1	10618.4	951998	41643	19667	30333	0	0.1 StemSuffixMorphs 34476 50000 0.777466 2680.49 Stem 4208 34476 0.0654294 993.222 PrefixMorph 1806 43097 0.118649 252.313 SuffixMorph 572 32645 0.0146959 91.9115 SubMorph 581 12784 0.00213621 119.756
260	1	10998.2	950268	41788	19862	30138	0	0.1 StemSuffixMorphs 34637 50000 0.771697 3008.23 Stem 4226 34637 0.0549987 1036.13 PrefixMorph 1779 43049 0.112149 240.576 SuffixMorph 550 32852 0.00302275 99.2801 SubMorph 596 12729 0.00949099 128.189
270	1	11358.2	948540	41811	20443	29557	0	0.1 StemSuffixMorphs 34600 50000 0.776374 2927.28 Stem 4259 34600 0.0736115 1008.28 PrefixMorph 1787 42984 0.125463 250.172 SuffixMorph 569 32754 0.0276432 86.7658 SubMorph 596 12831 0.0143922 118.621
280	1	11719	947581	41495	20656	29344	0	0.1 StemSuffixMorphs 34313 50000 0.774654 2727.08 Stem 4236 34313 0.0593522 1043.96 PrefixMorph 1771 42924 0.11377 249.205 SuffixMorph 568 32530 0.0136182 88.4098 SubMorph 607 12818 0.00384866 121.561
290	1	12086.7	947989	41558	20483	29517	1	0.1 StemSuffixMorphs 34364 50000 0.7632 3327.01 Stem 4266 34364 0.0647741 1055.1 PrefixMorph 1754 42971 0.0980237 277.275 SuffixMorph 574 32542 0.0157769 95.8731 SubMorph 600 12827 0.00325224 130.737
300	1	12451.5	946023	41730	20743	29257	0	0.1 StemSuffixMorphs 34465 50000 0.778503 2619.08 Stem 4373 34465 0.0812331 1026.48 PrefixMorph 1716 42964 0.0935291 243.815 SuffixMorph 562 32637 0.0155842 81.9832 SubMorph 614 12881 0.00160268 129.31
310	1	12835.8	945122	41838	20978	29022	1	0.1 StemSuffixMorphs 34551 50000 0.777255 2905.99 Stem 4381 34551 0.0809272 1012.76 PrefixMorph 1725 42777 0.0964088 257.638 SuffixMorph 580 32676 0.0170665 99.0466 SubMorph 601 12963 0.00611664 115.962
320	1	13228.8	944266	41874	20870	29130	0	0.1 StemSuffixMorphs 34698 50000 0.780085 2677.65 Stem 4310 34698 0.0752577 1036.33 PrefixMorph 1711 42789 0.117498 224.491 SuffixMorph 554 32790 0.0087906 87.4053 SubMorph 601 12879 0.0028404 120.596
330	1	13588.7	942029	41796	21363	28637	0	0.1 StemSuffixMorphs 34649 50000 0.777065 2846.51 Stem 4300 34649 0.0539447 1096.42 PrefixMorph 1703 42765 0.135293 205.674 SuffixMorph 562 32806 0.0141718 91.2558 SubMorph 582 12871 0.0187753 118.006
340	1	13953.3	942153	41674	21337	28663	0	0.1 StemSuffixMorphs 34501 50000 0.769555 2823.38 Stem 4315 34501 0.0341379 1143.9 PrefixMorph 1695 42838 0.143548 204.468 SuffixMorph 573 32617 0.00412084 102.42 SubMorph 590 12916 0.00670038 114.665
350	1	14359.7	943301	41813	21344	28656	0	0.1 StemSuffixMorphs 34599 50000 0.772593 2895.86 Stem 4373 34599 0.0261669 1206.49 PrefixMorph 1710 42679 0.15435 184.578 SuffixMorph 562 32725 0.0153527 95.6277 SubMorph 569 13026 0.00377049 116.66
360	1	14743.3	943430	42003	21354	28646	0	0.1 StemSuffixMorphs 34763 50000 0.783358 2728.61 Stem 4411 34763 0.0625275 1080.61 PrefixMorph 1655 42722 0.112311 220.681 SuffixMorph 582 32826 0.00451304 97.2972 SubMorph 592 13002 0.00505516 132.361
370	1	15109.2	942457	42097	21752	28248	0	0.1 StemSuffixMorphs 34799 50000 0.774955 2901.93 Stem 4450 34799 0.0911369 1016.06 PrefixMorph 1663 42564 0.122541 215.342 SuffixMorph 585 32850 0.00290431 102.123 SubMorph 600 13087 0.00916489 117.808
380	1	15481.3	938023	41963	22318	27682	0	0.1 StemSuffixMorphs 34771 50000 0.780891 2717.47 Stem 4394 34771 0.089516 1063.51 PrefixMorph 1631 42511 0.104675 218.468 SuffixMorph 567 32872 0.0125775 92.6062 SubMorph 600 12963 0.0165412 124.965
390	1	15852.6	938008	42162	22323	27677	1	0.1 StemSuffixMorphs 34925 50000 0.776421 3057.84 Stem 4422 34925 0.080238 1048.65 PrefixMorph 1637 42455 0.159079 200.254 SuffixMorph 572 33023 0.0232093 89.8093 SubMorph 606 13029 0.0204662 119.761
400	1	16224.2	937862	42222	22198	27802	0	0.1 StemSuffixMorphs 34958 50000 0.783202 2827.21 Stem 4442 34958 0.0371498 1197.78 PrefixMorph 1665 42422 0.120897 221.389 SuffixMorph 571 33010 0.0233412 90.7922 SubMorph 586 13057 0.00913568 116.129
410	1	16598.5	935415	42004	22638	27362	0	0.1 StemSuffixMorphs 34803 50000 0.778519 2912.31 Stem 4451 34803 0.0743339 1142.52 PrefixMorph 1608 42349 0.162971 185.755 SuffixMorph 560 32912 0.00733545 88.2213 SubMorph 582 13057 0.0105516 114.031
420	1	16980.9	935316	42246	22903	27097	0	0.1 StemSuffixMorphs 35071 50000 0.787468 2836.13 Stem 4439 35071 0.0738466 1080.55 PrefixMorph 1570 42344 0.113335 204.067 SuffixMorph 570 33169 0.00042292 98.8986 SubMorph 596 13005 0.00546601 125.017
430	1	17338.1	936830	42500	22668	27332	0	0.1 StemSuffixMorphs 35152 50000 0.785047 2767.44 Stem 4471 35152 0.0980384 986.103 PrefixMorph 1655 42195 0.126747 204.485 SuffixMorph 609 33268 0.00245613 99.7161 SubMorph 613 13230 0.00313837 135.002
440	1	17709.8	934229	42363	22976	27024	0	0.1 StemSuffixMorphs 35072 50000 0.789168 2894.38 Stem 4511 35072 0.034564 1204.17 PrefixMorph 1596 42188 0.145665 199.266 SuffixMorph 580 33168 0.00510047 89.4357 SubMorph 604 13153 0.00108969 136.117
450	1	18097.6	932133	42314	23479	26521	1	0.1 StemSuffixMorphs 35072 50000 0.789512 2639.63 Stem 4533 35072 0.0616397 1145.19 PrefixMorph 1571 42178 0.145429 183.934 SuffixMorph 557 33134 0.0192929 90.7549 SubMorph 581 13150 0.00310739 124.638
460	1	18477.7	931380	42443	23396	26604	0	0.1 StemSuffixMorphs 35174 50000 0.78615 2805.42 Stem 4547 35174 0.0983889 1052.61 PrefixMorph 1560 42167 0.166632 175.467 SuffixMorph 568 33188 0.00729089 90.0376 SubMorph 594 13108 0.00131919 112.749
470	1	18854.1	930493	42406	23549	26451	0	0.1 StemSuffixMorphs 35192 50000 0.780621 2997.05 Stem 4511 35192 0.0779065 1081.05 PrefixMorph 1570 42062 0.14717 181.986 SuffixMorph 540 33223 0.0212119 78.4391 SubMorph 593 13054 0.0125726 124.523
480	1	19209.1	932058	42434	23059	26941	1	0.1 StemSuffixMorphs 35165 50000 0.782762 2991.01 Stem 4519 35165 0.0409533 1168.66 PrefixMorph 1589 42089 0.165049 170.231 SuffixMorph 566 33258 0.032729 85.2808 SubMorph 595 13211 0.00376672 123.617
490	1	19588.7	932772	42770	22993	27007	0	0.1 StemSuffixMorphs 35400 50000 0.788226 2706.57 Stem 4643 35400 0.0887611 1147.65 PrefixMorph 1562 41995 0.183019 153.794 SuffixMorph 569 33359 0.015161 91.1263 SubMorph 596 13328 0.00194112 125.433
500	1	19960.3	932831	42550	22837	27163	0	0.1 StemSuffixMorphs 35197 50000 0.780674 3020.94 Stem 4642 35197 0.0843173 1119.27 PrefixMorph 1538 41964 0.131353 188.6 SuffixMorph 577 33203 0.00647156 94.8211 SubMorph 596 13248 0.00770426 109.766
