# D = 1, E = 1, I = 1, P = 0, R = -1, n = 500, N = 1, P = 0, w = 1, a = 0.1, b = 1000, e = 1, f = 1, g = 10, h = 0.1, r = 1629240377, s = 1, S = 0, x = 10, m = 0, Z = 1, z = 0, T = 1, t = 1
# 703628 tokens in 50000 sentences
#
# It	Temp	Time	-logP	tables	same	changed	reject	default_pya	(parent pym pyn pya pyb)*
0	1	18.0199	3.69729e+06	558643	0	50000	0	0.1 Prefix 50000 50000 0.1 1000 Stem 50000 50000 0.1 1000 Suffix 50000 50000 0.1 1000 SuffixMorph 52099 52099 0.1 1000 SubMorph 304044 304044 0.1 1000 PrefixMorph 52500 52500 0.1 1000
10	1	2195.31	1.26868e+06	26424	1053	48947	0	0.1 Prefix 9090 50000 0.284985 1323.68 Stem 6328 50000 0.153687 1178.12 Suffix 6949 50000 0.295103 835.443 SuffixMorph 829 6059 0.0254406 233.699 SubMorph 1686 13969 0.00711802 470.632 PrefixMorph 1542 9690 0.224169 260.326
20	1	2621.7	1.21272e+06	21857	1593	48407	0	0.1 Prefix 8941 50000 0.394742 809.881 Stem 5034 50000 0.0777154 1089.97 Suffix 5588 50000 0.249571 733.957 SuffixMorph 455 5390 0.00525559 116.161 SubMorph 959 10920 0.000908896 245.729 PrefixMorph 880 9564 0.1937 137.23
30	1	2984.67	1.19322e+06	19893	1820	48180	0	0.1 Prefix 8428 50000 0.392167 718.535 Stem 4578 50000 0.02477 1100.45 Suffix 5014 50000 0.245051 645.854 SuffixMorph 354 5098 0.021151 84.5901 SubMorph 798 9996 0.0161739 187.862 PrefixMorph 721 9418 0.00643696 177.185
40	1	3327.79	1.1788e+06	19079	2053	47947	0	0.1 Prefix 8331 50000 0.427005 602.905 Stem 4619 50000 0.0329449 1077.81 Suffix 4438 50000 0.239797 505.919 SuffixMorph 301 4668 0.00627316 70.8863 SubMorph 734 9952 0.0177249 165.148 PrefixMorph 656 9200 0.0423475 143.053
50	1	3658.87	1.17095e+06	18541	2214	47786	0	0.1 Prefix 8106 50000 0.402162 638.251 Stem 4595 50000 0.0510541 1064.48 Suffix 4246 50000 0.222915 505.392 SuffixMorph 280 4484 0.0121774 59.3652 SubMorph 692 9926 0.0299872 146.718 PrefixMorph 622 8892 0.0521859 126.141
60	1	3979.64	1.1612e+06	17698	2396	47604	0	0.1 Prefix 7793 50000 0.442206 478.144 Stem 4568 50000 0.0490728 1013.34 Suffix 3868 50000 0.195708 496.096 SuffixMorph 247 4125 0.0384408 50.3447 SubMorph 652 9835 0.00580753 145.193 PrefixMorph 570 8798 0.0131118 133.836
70	1	4293.66	1.15986e+06	17817	2375	47625	1	0.1 Prefix 8012 50000 0.46157 480.114 Stem 4582 50000 0.0700869 994.208 Suffix 3750 50000 0.210273 437.637 SuffixMorph 252 4122 0.000600448 62.7589 SubMorph 651 9785 0.00405365 143.711 PrefixMorph 570 9103 0.00442237 134.048
80	1	4610.48	1.1539e+06	17297	2648	47352	0	0.1 Prefix 7687 50000 0.454079 455.149 Stem 4595 50000 0.0190468 1136.37 Suffix 3578 50000 0.187928 443.577 SuffixMorph 238 3937 0.00988875 58.355 SubMorph 632 9841 0.0354541 141.089 PrefixMorph 567 8720 0.0041841 128.729
90	1	4921.6	1.14745e+06	16414	2794	47206	0	0.1 Prefix 7197 50000 0.437305 425.599 Stem 4574 50000 0.0171504 1095.61 Suffix 3254 50000 0.186404 415.922 SuffixMorph 228 3653 0.00466015 43.4039 SubMorph 632 9771 0.0115908 157.981 PrefixMorph 529 8339 0.000647227 127.434
100	1	5222.91	1.1436e+06	16452	2846	47154	0	0.1 Prefix 7293 50000 0.458922 353.199 Stem 4597 50000 0.0395455 1084.87 Suffix 3210 50000 0.177886 413.118 SuffixMorph 228 3592 0.0342239 40.1107 SubMorph 608 9808 0.00448849 135.896 PrefixMorph 516 8509 0.00643268 105.49
110	1	5523.72	1.14006e+06	16534	2991	47009	0	0.1 Prefix 7335 50000 0.474787 331.882 Stem 4667 50000 0.0401039 1095.75 Suffix 3224 50000 0.189356 381.092 SuffixMorph 209 3654 0.0056485 48.1091 SubMorph 608 9823 0.000806618 140.802 PrefixMorph 491 8643 0.00740087 103.2
120	1	5826.61	1.13722e+06	16403	3233	46767	0	0.1 Prefix 7115 50000 0.457898 352.445 Stem 4685 50000 0.042255 1110.8 Suffix 3253 50000 0.232268 330.157 SuffixMorph 216 3675 0.0126706 43.5029 SubMorph 612 9965 0.00810006 135.133 PrefixMorph 522 8345 0.0367711 99.2676
130	1	6122.75	1.13311e+06	15989	3257	46743	0	0.1 Prefix 6843 50000 0.462413 295.984 Stem 4693 50000 0.0427816 1106.65 Suffix 3154 50000 0.214606 335.783 SuffixMorph 204 3541 0.0188942 41.736 SubMorph 577 10017 0.0341174 108.004 PrefixMorph 518 8144 0.0310514 108.081
140	1	6412.52	1.1285e+06	15536	3552	46448	0	0.1 Prefix 6694 50000 0.435365 360.568 Stem 4608 50000 0.0256892 1131.73 Suffix 2941 50000 0.210237 319.228 SuffixMorph 205 3416 0.00622855 49.9777 SubMorph 603 9865 0.0280871 130.013 PrefixMorph 485 8030 0.0654378 88.8318
150	1	6703.74	1.12224e+06	15538	3600	46400	0	0.1 Prefix 6966 50000 0.478877 283.946 Stem 4659 50000 0.0399047 1067.61 Suffix 2634 50000 0.170766 321.292 SuffixMorph 198 3098 0.0125418 42.4854 SubMorph 592 9941 0.0345606 113.649 PrefixMorph 489 8063 0.0445166 104.877
160	1	7000.95	1.12075e+06	15555	3723	46277	0	0.1 Prefix 6830 50000 0.476481 306.923 Stem 4741 50000 0.028063 1153.67 Suffix 2729 50000 0.188127 308.518 SuffixMorph 185 3158 0.00389719 39.9621 SubMorph 587 10020 0.00271231 134.437 PrefixMorph 483 7942 0.00632972 102.94
170	1	7293.09	1.11777e+06	15480	3809	46191	0	0.1 Prefix 6780 50000 0.45409 349.731 Stem 4679 50000 0.0281997 1123.94 Suffix 2772 50000 0.23493 242.418 SuffixMorph 193 3173 0.000195247 45.9414 SubMorph 569 10008 0.000575609 118.842 PrefixMorph 487 8000 0.00190458 108.508
180	1	7583.92	1.11429e+06	15490	4130	45870	0	0.1 Prefix 6871 50000 0.482062 241.583 Stem 4741 50000 0.0598756 1062.58 Suffix 2615 50000 0.202819 289.301 SuffixMorph 185 3085 0.00103809 33.5374 SubMorph 586 10160 0.00633085 132.53 PrefixMorph 492 7975 0.00613034 106.437
190	1	7868.34	1.11375e+06	15304	4145	45855	0	0.1 Prefix 6725 50000 0.467293 341.615 Stem 4751 50000 0.0514797 1077.26 Suffix 2562 50000 0.226256 231.752 SuffixMorph 194 3083 0.0121989 44.5733 SubMorph 595 10157 0.0417446 120.11 PrefixMorph 477 7810 0.0368842 111.958
200	1	8148.4	1.1122e+06	15077	4084	45916	0	0.1 Prefix 6721 50000 0.46965 288.103 Stem 4670 50000 0.0355096 1105.97 Suffix 2458 50000 0.198498 250.933 SuffixMorph 187 2987 0.0280985 37.3462 SubMorph 574 10119 0.00267583 134.657 PrefixMorph 467 7697 0.00129281 106.614
210	1	8429.84	1.11028e+06	15016	4261	45739	1	0.1 Prefix 6775 50000 0.477308 288.696 Stem 4683 50000 0.0353649 1124.54 Suffix 2302 50000 0.17569 270.021 SuffixMorph 188 2865 0.053521 38.6363 SubMorph 595 10115 0.00510118 134.955 PrefixMorph 473 7911 0.0226151 94.0358
220	1	8712.03	1.10667e+06	14925	4441	45559	0	0.1 Prefix 6652 50000 0.471688 310.103 Stem 4781 50000 0.0191401 1169.8 Suffix 2276 50000 0.200199 223.678 SuffixMorph 175 2845 0.00663704 40.9314 SubMorph 574 10283 0.0061487 127.467 PrefixMorph 467 7674 0.00871579 99.2397
230	1	8993.81	1.10753e+06	15141	4421	45579	0	0.1 Prefix 6871 50000 0.481388 262.641 Stem 4789 50000 0.0391672 1122.19 Suffix 2278 50000 0.19583 238.112 SuffixMorph 173 2864 0.0334259 32.4845 SubMorph 565 10256 0.0222402 121.526 PrefixMorph 465 7860 0.0357193 88.898
240	1	9275.49	1.10791e+06	14880	4432	45568	0	0.1 Prefix 6486 50000 0.445359 329.851 Stem 4789 50000 0.0631231 1075.54 Suffix 2426 50000 0.223329 221.719 SuffixMorph 170 3013 0.00110573 34.3763 SubMorph 553 10275 0.0248085 113.239 PrefixMorph 456 7532 0.0132832 96.8335
250	1	9557.99	1.1082e+06	14988	4297	45703	0	0.1 Prefix 6605 50000 0.465234 313.377 Stem 4817 50000 0.0112519 1221.3 Suffix 2347 50000 0.186628 248.817 SuffixMorph 167 2903 0.0617627 33.336 SubMorph 569 10318 0.000501411 115.457 PrefixMorph 483 7611 0.0303433 110.727
260	1	9849.17	1.10874e+06	14972	4374	45626	0	0.1 Prefix 6619 50000 0.45999 313.097 Stem 4944 50000 0.0228425 1253.64 Suffix 2245 50000 0.18214 237.929 SuffixMorph 166 2749 0.0671076 27.8229 SubMorph 546 10496 0.00222385 126.698 PrefixMorph 452 7680 0.0135046 93.271
270	1	10139.5	1.10746e+06	15218	4350	45650	0	0.1 Prefix 6709 50000 0.462983 299.114 Stem 4872 50000 0.0178345 1207.33 Suffix 2468 50000 0.234402 217.691 SuffixMorph 161 2969 0.0432449 35.1845 SubMorph 571 10373 0.0134611 106.798 PrefixMorph 437 7678 0.00197436 96.7874
280	1	10432	1.10773e+06	15122	4280	45720	0	0.1 Prefix 6555 50000 0.460332 288.274 Stem 5015 50000 0.0348467 1201.82 Suffix 2384 50000 0.236432 210.187 SuffixMorph 158 2928 0.0100799 36.5373 SubMorph 577 10586 0.00032033 124.565 PrefixMorph 433 7437 0.0159727 101.306
290	1	10728	1.10481e+06	15459	4502	45498	0	0.1 Prefix 6867 50000 0.478225 299.48 Stem 4956 50000 0.0563369 1154.73 Suffix 2477 50000 0.233631 210.25 SuffixMorph 155 2991 0.00386998 30.0848 SubMorph 573 10475 0.0121987 118.453 PrefixMorph 431 7698 0.00421431 103.251
300	1	11026.4	1.10289e+06	15205	4751	45249	1	0.1 Prefix 6755 50000 0.494688 219.243 Stem 4917 50000 0.00155858 1341.67 Suffix 2379 50000 0.220704 213.852 SuffixMorph 164 2930 0.00506484 31.649 SubMorph 570 10534 0.0143958 116.742 PrefixMorph 420 7746 0.0629783 74.3291
310	1	11313.8	1.10041e+06	14903	4716	45284	0	0.1 Prefix 6332 50000 0.453184 317.388 Stem 4983 50000 0.0322788 1196.9 Suffix 2414 50000 0.238108 208.592 SuffixMorph 166 2931 0.0347821 37.4231 SubMorph 573 10595 0.000712177 122.6 PrefixMorph 435 7223 0.0334751 93.4256
320	1	11599.9	1.09806e+06	14850	4767	45233	0	0.1 Prefix 6463 50000 0.468651 239.523 Stem 5027 50000 0.0371594 1200.9 Suffix 2227 50000 0.203625 205.879 SuffixMorph 147 2786 0.0287325 33.6879 SubMorph 549 10710 0.0145293 109.268 PrefixMorph 437 7326 0.0322052 87.688
330	1	11887	1.09611e+06	14876	4937	45063	0	0.1 Prefix 6536 50000 0.477154 305.345 Stem 5006 50000 0.0394851 1190.06 Suffix 2194 50000 0.232647 182.332 SuffixMorph 157 2712 0.00543901 34.2379 SubMorph 561 10700 0.00151237 120.873 PrefixMorph 422 7471 0.010076 92.7952
340	1	12187.2	1.09642e+06	15268	4788	45212	0	0.1 Prefix 6897 50000 0.485125 297.486 Stem 5033 50000 0.0226196 1294.27 Suffix 2199 50000 0.237471 172.066 SuffixMorph 158 2754 0.0204418 28.3445 SubMorph 550 10776 0.00930973 114.285 PrefixMorph 431 7729 0.0429436 84.4203
350	1	12483.8	1.09469e+06	14978	4959	45041	0	0.1 Prefix 6637 50000 0.499422 234.096 Stem 5047 50000 0.0294787 1243.08 Suffix 2141 50000 0.215407 184.402 SuffixMorph 160 2687 0.0125133 32.5741 SubMorph 558 10778 0.00783364 109.437 PrefixMorph 435 7531 0.0352488 89.1304
360	1	12767.7	1.09484e+06	14821	4919	45081	0	0.1 Prefix 6383 50000 0.495727 219.813 Stem 5041 50000 0.0564217 1156.79 Suffix 2248 50000 0.228249 193.089 SuffixMorph 158 2810 0.000985955 37.9588 SubMorph 565 10769 0.00282922 117.768 PrefixMorph 426 7217 0.00101458 104.966
370	1	13048.8	1.09585e+06	15027	4953	45047	0	0.1 Prefix 6661 50000 0.480419 253.912 Stem 5029 50000 0.0449788 1151.6 Suffix 2204 50000 0.215647 192.147 SuffixMorph 153 2752 0.0118292 29.1322 SubMorph 546 10794 0.0127112 107.557 PrefixMorph 434 7464 0.0578687 87.3607
380	1	13330.8	1.09366e+06	15166	5142	44858	0	0.1 Prefix 6609 50000 0.516569 194.027 Stem 5113 50000 0.0706295 1181.18 Suffix 2295 50000 0.260332 179.968 SuffixMorph 153 2830 0.0225006 32.1177 SubMorph 556 10929 5.24299e-05 129.57 PrefixMorph 440 7348 1.6875e-05 101.488
390	1	13615.1	1.09311e+06	15041	5087	44913	0	0.1 Prefix 6454 50000 0.507731 220.093 Stem 5099 50000 0.0381554 1222.95 Suffix 2378 50000 0.261065 198.617 SuffixMorph 154 2925 0.0550799 28.3327 SubMorph 541 10900 0.000653098 117.359 PrefixMorph 415 7189 0.00897306 86.4669
400	1	13897.7	1.09476e+06	15107	5068	44932	1	0.1 Prefix 6724 50000 0.516996 225.834 Stem 4972 50000 0.00398619 1313.97 Suffix 2265 50000 0.228157 203.361 SuffixMorph 153 2864 0.0434797 29.8561 SubMorph 561 10801 0.00286593 123.546 PrefixMorph 432 7398 0.0111517 91.4201
410	1	14178.7	1.09271e+06	15208	5336	44664	1	0.1 Prefix 6478 50000 0.506581 209.711 Stem 5180 50000 0.0615808 1187.13 Suffix 2388 50000 0.272012 168.503 SuffixMorph 159 2956 0.00870226 33.8168 SubMorph 567 10977 0.00401833 117.064 PrefixMorph 436 7258 0.0049942 86.9852
420	1	14457.4	1.09587e+06	14795	5016	44984	0	0.1 Prefix 6207 50000 0.485448 210.337 Stem 5149 50000 0.0485898 1219.21 Suffix 2288 50000 0.190648 219.779 SuffixMorph 153 2860 0.0104347 32.9661 SubMorph 572 10946 0.00916641 117.839 PrefixMorph 426 7115 0.0136053 89.9552
430	1	14733.7	1.09946e+06	15178	4838	45162	0	0.1 Prefix 6465 50000 0.492414 204.392 Stem 5159 50000 0.0414807 1274.1 Suffix 2403 50000 0.224521 206.188 SuffixMorph 162 2985 0.0164681 29.9822 SubMorph 571 10978 0.00669048 124.051 PrefixMorph 418 7396 0.00544685 89.4908
440	1	15009	1.09597e+06	14796	4835	45165	0	0.1 Prefix 6411 50000 0.507265 205.668 Stem 5053 50000 0.0491384 1206.54 Suffix 2196 50000 0.236294 175.11 SuffixMorph 162 2798 0.000101975 36.2148 SubMorph 555 10878 0.00966739 119.03 PrefixMorph 419 7351 0.026085 85.3126
450	1	15284.9	1.09588e+06	14727	4951	45049	1	0.1 Prefix 6128 50000 0.474811 221.548 Stem 5109 50000 0.0641819 1192.57 Suffix 2357 50000 0.220764 229.151 SuffixMorph 161 2933 0.0163598 39.0894 SubMorph 554 10968 0.00191878 121.455 PrefixMorph 418 7140 0.00245328 90.6097
460	1	15560.3	1.09409e+06	14780	4902	45098	0	0.1 Prefix 6199 50000 0.494352 199.51 Stem 5111 50000 0.0406153 1243.02 Suffix 2332 50000 0.227128 202.926 SuffixMorph 160 2890 0.0206952 31.6725 SubMorph 577 10969 0.0115544 122.729 PrefixMorph 401 7098 0.0038883 78.8413
470	1	15835.1	1.08851e+06	14265	5595	44405	0	0.1 Prefix 5789 50000 0.46569 224.634 Stem 5135 50000 0.0488673 1208.48 Suffix 2196 50000 0.236524 171.694 SuffixMorph 159 2747 0.000419945 33.3367 SubMorph 595 10960 0.0107609 125.893 PrefixMorph 391 6703 0.0165888 92.2171
480	1	16107.2	1.08527e+06	14220	5882	44118	1	0.1 Prefix 5924 50000 0.503102 194.065 Stem 5037 50000 0.0190982 1283.26 Suffix 2133 50000 0.194193 181.753 SuffixMorph 160 2700 0.00341634 33.3513 SubMorph 557 10881 0.0122918 111.221 PrefixMorph 409 6936 0.00604932 94.2032
490	1	16382.8	1.08419e+06	14708	5586	44414	1	0.1 Prefix 6278 50000 0.516113 176.086 Stem 5130 50000 0.0576616 1190.77 Suffix 2212 50000 0.258408 156.984 SuffixMorph 159 2747 0.0100447 31.6199 SubMorph 546 11000 0.000735156 124.853 PrefixMorph 383 7151 0.0185056 74.1517
500	1	16657.3	1.08543e+06	14779	5771	44229	0	0.1 Prefix 6235 50000 0.520534 150.011 Stem 5162 50000 0.0539319 1227.6 Suffix 2252 50000 0.25337 175.85 SuffixMorph 157 2780 0.021759 36.0027 SubMorph 565 11060 0.0271495 109.16 PrefixMorph 408 7060 0.0045629 93.509
