# D = 1, E = 1, I = 1, P = 0, R = -1, n = 500, N = 1, P = 0, w = 1, a = 0.1, b = 1000, e = 1, f = 1, g = 10, h = 0.1, r = 1629240411, s = 1, S = 0, x = 10, m = 0, Z = 1, z = 0, T = 1, t = 1
# 703628 tokens in 50000 sentences
#
# It	Temp	Time	-logP	tables	same	changed	reject	default_pya	(parent pym pyn pya pyb)*
0	1	20.1112	3.60489e+06	508892	0	50000	0	0.1 StemSuffixMorphs 50000 50000 0.1 1000 Stem 50000 50000 0.1 1000 PrefixMorph 52003 52003 0.1 1000 SuffixMorph 52360 52360 0.1 1000 SubMorph 304529 304529 0.1 1000
10	1	1698.02	1.08826e+06	36919	11549	38451	0	0.1 StemSuffixMorphs 24752 50000 0.5805 3344.6 Stem 3593 24752 0.023144 1054.56 PrefixMorph 5632 47987 0.00554897 1590.16 SuffixMorph 1065 23308 0.00228128 206.121 SubMorph 1877 16299 0.00244421 543.298
20	1	2100.18	1.04907e+06	37994	12142	37858	3	0.1 StemSuffixMorphs 28600 50000 0.650683 3576.35 Stem 3397 28600 0.00412993 968.82 PrefixMorph 4124 46350 0.0157369 977.302 SuffixMorph 769 27322 0.0037265 157.16 SubMorph 1104 13905 0.00393971 263.817
30	1	2489.42	1.03051e+06	39174	12570	37430	0	0.1 StemSuffixMorphs 30656 50000 0.698359 3448.17 Stem 3519 30656 0.0356358 881.907 PrefixMorph 3380 45597 0.00509518 821.793 SuffixMorph 705 29370 0.00195409 130.089 SubMorph 914 13129 0.0151089 193.03
40	1	2858.87	1.0164e+06	39233	13180	36820	0	0.1 StemSuffixMorphs 31257 50000 0.708725 3123.6 Stem 3621 31257 0.0166183 984.821 PrefixMorph 2920 45019 0.0197251 656.777 SuffixMorph 631 30061 0.00375652 101.805 SubMorph 804 12673 0.00507853 179.925
50	1	3226.55	1.00513e+06	39617	14060	35940	0	0.1 StemSuffixMorphs 31942 50000 0.73103 2994.45 Stem 3671 31942 0.0103644 1020.31 PrefixMorph 2652 44497 0.00854704 561.073 SuffixMorph 614 30706 0.00130114 115.076 SubMorph 738 12473 0.00253336 159.159
60	1	3588.26	997969	39974	14492	35508	0	0.1 StemSuffixMorphs 32424 50000 0.736149 3000.92 Stem 3806 32424 0.0525272 952.275 PrefixMorph 2392 44364 0.00621917 510.996 SuffixMorph 593 31137 0.0021079 103.812 SubMorph 759 12330 0.00885366 159.799
70	1	3951.39	990556	39953	14996	35004	1	0.1 StemSuffixMorphs 32523 50000 0.738801 3204.76 Stem 3874 32523 0.0728261 895.639 PrefixMorph 2278 44144 0.00126891 489.118 SuffixMorph 559 31292 0.00130437 96.7654 SubMorph 719 12293 0.00481598 157.263
80	1	4314.66	984923	39772	15564	34436	0	0.1 StemSuffixMorphs 32532 50000 0.742363 2947.71 Stem 3856 32532 0.012521 1084.99 PrefixMorph 2158 44075 0.0128533 436.162 SuffixMorph 544 31253 0.000240051 93.086 SubMorph 682 12087 0.00178061 155.803
90	1	4697.71	978377	40129	16228	33772	0	0.1 StemSuffixMorphs 32891 50000 0.745521 3134.79 Stem 3896 32891 0.0320045 1019.29 PrefixMorph 2127 43994 0.012525 443.562 SuffixMorph 538 31604 0.000173915 92.4201 SubMorph 677 12240 0.000464933 152.023
100	1	5070.59	977156	40113	16539	33461	0	0.1 StemSuffixMorphs 32811 50000 0.744247 2867.09 Stem 3991 32811 0.036496 1049 PrefixMorph 2121 43864 0.0471656 381.268 SuffixMorph 520 31439 0.00134433 86.233 SubMorph 670 12376 0.00178134 151.864
110	1	5446.37	973087	40237	16904	33096	0	0.1 StemSuffixMorphs 33028 50000 0.740998 3375.75 Stem 3930 33028 0.0479793 1032.43 PrefixMorph 2083 43914 0.0426651 364.89 SuffixMorph 535 31647 0.00391043 80.0722 SubMorph 661 12251 0.000289665 135.309
120	1	5812.72	969739	40560	17312	32688	0	0.1 StemSuffixMorphs 33360 50000 0.753634 2954.36 Stem 4031 33360 0.0451811 1014.88 PrefixMorph 2017 43786 0.0635096 356.373 SuffixMorph 504 31801 0.00546761 79.7985 SubMorph 648 12294 0.00399117 143.705
130	1	6174.77	967093	40446	17633	32367	0	0.1 StemSuffixMorphs 33282 50000 0.750122 3012.5 Stem 4096 33282 0.0548343 1026.16 PrefixMorph 1908 43691 0.0796002 310.943 SuffixMorph 514 31723 0.00270321 82.2192 SubMorph 646 12386 0.00420299 136.318
140	1	6534.92	964871	40741	17777	32223	1	0.1 StemSuffixMorphs 33613 50000 0.762126 2772.43 Stem 4108 33613 0.0399881 1065.32 PrefixMorph 1893 43594 0.0447595 343.938 SuffixMorph 506 32020 0.000751867 78.8591 SubMorph 621 12428 0.00270216 125.731
150	1	6895.34	963013	40788	17944	32056	0	0.1 StemSuffixMorphs 33563 50000 0.756901 2814.27 Stem 4231 33563 0.0864648 1012.72 PrefixMorph 1858 43640 0.0535115 322.407 SuffixMorph 512 31954 0.00504571 84.5051 SubMorph 624 12569 0.0118836 135.709
160	1	7261.12	959943	40854	18339	31661	0	0.1 StemSuffixMorphs 33651 50000 0.750715 3189.65 Stem 4185 33651 0.0646751 1021.91 PrefixMorph 1860 43525 0.08944 272.835 SuffixMorph 513 31977 0.00855627 81.8073 SubMorph 645 12504 0.000972925 133.421
170	1	7649.64	958122	40897	18619	31381	0	0.1 StemSuffixMorphs 33664 50000 0.755246 3127.35 Stem 4221 33664 0.0226184 1198.06 PrefixMorph 1888 43375 0.0894335 293.267 SuffixMorph 496 32142 0.006061 78.2616 SubMorph 628 12562 0.000148504 142.749
180	1	8016.4	958868	41177	18663	31337	0	0.1 StemSuffixMorphs 33958 50000 0.766932 2829.61 Stem 4287 33958 0.0462786 1075.69 PrefixMorph 1801 43316 0.0376691 340.574 SuffixMorph 515 32296 0.000778429 92.6882 SubMorph 616 12609 0.00438736 125.934
190	1	8392.3	957658	41438	18551	31449	0	0.1 StemSuffixMorphs 34125 50000 0.763661 2906.74 Stem 4322 34125 0.0411077 1162.59 PrefixMorph 1862 43286 0.129155 246.275 SuffixMorph 509 32480 0.00167547 84.962 SubMorph 620 12743 0.00837257 125.875
200	1	8771.71	955678	40939	18852	31148	0	0.1 StemSuffixMorphs 33803 50000 0.75965 2898.95 Stem 4205 33803 0.0348389 1102.26 PrefixMorph 1798 43292 0.123697 233.483 SuffixMorph 517 32307 0.000431721 87.8084 SubMorph 616 12462 0.0134444 121.742
210	1	9160.05	954658	41194	18848	31152	0	0.1 StemSuffixMorphs 34036 50000 0.764277 2953.93 Stem 4251 34036 0.0697875 1032.65 PrefixMorph 1813 43279 0.0887432 278.96 SuffixMorph 504 32442 0.00332849 86.5837 SubMorph 590 12606 0.00830642 112.842
220	1	9526.35	952171	40946	19538	30462	0	0.1 StemSuffixMorphs 33840 50000 0.76147 3034.07 Stem 4243 33840 0.067098 1055.31 PrefixMorph 1741 43303 0.0672842 269.035 SuffixMorph 499 32219 0.00227594 78.4004 SubMorph 623 12534 0.00444712 130.508
230	1	9901.77	950850	41128	19524	30476	0	0.1 StemSuffixMorphs 33916 50000 0.760811 2936.28 Stem 4317 33916 0.0800701 1017.88 PrefixMorph 1772 43313 0.107385 258.023 SuffixMorph 501 32307 0.00137945 80.1277 SubMorph 622 12648 0.0117699 128.403
240	1	10288.8	948853	41173	19901	30099	0	0.1 StemSuffixMorphs 33983 50000 0.761128 3132.72 Stem 4334 33983 0.0651893 1085.12 PrefixMorph 1731 43156 0.104588 242.998 SuffixMorph 490 32347 0.00401391 75.6989 SubMorph 635 12733 0.00418282 133.444
250	1	10665.1	947107	41148	20337	29663	0	0.1 StemSuffixMorphs 34069 50000 0.769849 2747.1 Stem 4208 34069 0.0586943 1036.85 PrefixMorph 1756 43042 0.114671 239.637 SuffixMorph 494 32489 0.00464121 76.9793 SubMorph 621 12601 0.00598879 137.129
260	1	11043.6	948515	41325	20206	29794	0	0.1 StemSuffixMorphs 34136 50000 0.764785 2982.19 Stem 4307 34136 0.0500176 1063.28 PrefixMorph 1754 43123 0.129806 226.172 SuffixMorph 497 32573 0.00243612 79.1349 SubMorph 631 12667 0.00640757 128.601
270	1	11404.3	947125	41372	20814	29186	1	0.1 StemSuffixMorphs 34163 50000 0.765537 2886.66 Stem 4377 34163 0.100824 976.496 PrefixMorph 1711 43120 0.0985943 256.053 SuffixMorph 511 32557 0.015399 72.9279 SubMorph 610 12732 0.00353117 124.287
280	1	11763.8	946671	41338	21069	28931	0	0.1 StemSuffixMorphs 34208 50000 0.771234 2807.65 Stem 4303 34208 0.0643897 1038.08 PrefixMorph 1698 43105 0.112275 222.785 SuffixMorph 515 32570 0.0144148 76.54 SubMorph 614 12559 0.0152878 138.999
290	1	12143.5	947234	41186	20769	29231	0	0.1 StemSuffixMorphs 34054 50000 0.771282 2736.67 Stem 4269 34054 0.0279642 1101.65 PrefixMorph 1730 43079 0.111873 236.465 SuffixMorph 504 32459 0.00920552 82.0204 SubMorph 629 12556 0.00148323 136.088
300	1	12502.3	944611	41241	21290	28710	1	0.1 StemSuffixMorphs 34166 50000 0.770669 2894.15 Stem 4238 34166 0.0360868 1110.84 PrefixMorph 1727 42948 0.110303 223.151 SuffixMorph 497 32592 0.00798989 83.925 SubMorph 613 12546 0.00573981 129.752
310	1	13041.7	945306	41460	21156	28844	0	0.1 StemSuffixMorphs 34303 50000 0.775457 2824.2 Stem 4332 34303 0.0320022 1181.95 PrefixMorph 1713 42920 0.125481 224.299 SuffixMorph 494 32701 0.00609119 78.4292 SubMorph 618 12640 0.00236261 139.175
320	1	13407.2	944848	41395	21295	28705	0	0.1 StemSuffixMorphs 34285 50000 0.772013 2688.72 Stem 4313 34285 0.0643763 1088.8 PrefixMorph 1684 42986 0.095753 238.127 SuffixMorph 489 32674 0.00345376 80.6485 SubMorph 624 12638 0.0100454 139.351
330	1	13780	943915	41421	21684	28316	0	0.1 StemSuffixMorphs 34259 50000 0.771779 2953.06 Stem 4352 34259 0.0591591 1125.21 PrefixMorph 1703 42866 0.137268 193.219 SuffixMorph 497 32617 0.000890474 80.5892 SubMorph 610 12671 0.00431752 130.091
340	1	14135.9	942857	41586	21800	28200	0	0.1 StemSuffixMorphs 34452 50000 0.775502 2940.5 Stem 4350 34452 0.0436783 1152.08 PrefixMorph 1685 42824 0.113843 241.337 SuffixMorph 504 32778 0.0227345 74.8062 SubMorph 595 12717 0.00273589 121.828
350	1	14487.9	940881	41753	21990	28010	0	0.1 StemSuffixMorphs 34670 50000 0.774312 2909.99 Stem 4290 34670 0.0442155 1094.6 PrefixMorph 1669 42616 0.142117 193.46 SuffixMorph 509 33046 0.00972538 80.1709 SubMorph 615 12672 0.00237452 120.687
360	1	14856.6	940048	41591	22211	27789	0	0.1 StemSuffixMorphs 34485 50000 0.768613 3126.26 Stem 4367 34485 0.0505879 1128.31 PrefixMorph 1646 42657 0.14954 195.256 SuffixMorph 492 32914 0.00895452 78.0193 SubMorph 601 12678 7.70862e-05 126.247
370	1	15228.5	939808	41743	22123	27877	0	0.1 StemSuffixMorphs 34615 50000 0.774896 2844.96 Stem 4402 34615 0.0452154 1123.09 PrefixMorph 1632 42639 0.103818 219.633 SuffixMorph 495 32974 0.00269338 79.9997 SubMorph 599 12790 0.00653495 126.655
380	1	15594	940489	41701	22074	27926	0	0.1 StemSuffixMorphs 34498 50000 0.770483 2900.86 Stem 4494 34498 0.0557602 1136.49 PrefixMorph 1613 42622 0.0840826 235.63 SuffixMorph 487 32803 0.00126322 76.2007 SubMorph 609 12838 0.0145703 123.228
390	1	15955.8	941262	41863	21990	28010	0	0.1 StemSuffixMorphs 34722 50000 0.781006 2831.79 Stem 4414 34722 0.0406611 1181.03 PrefixMorph 1645 42493 0.115413 213.788 SuffixMorph 491 33063 0.0190629 72.6151 SubMorph 591 12816 0.00152878 133.638
400	1	16335.1	942642	42163	21792	28208	0	0.1 StemSuffixMorphs 34871 50000 0.774902 2838.52 Stem 4502 34871 0.0802461 1090.45 PrefixMorph 1707 42445 0.133783 204.252 SuffixMorph 486 33175 0.00152244 80.4954 SubMorph 597 13022 0.015665 116.388
410	1	16698	939171	41973	22554	27446	0	0.1 StemSuffixMorphs 34745 50000 0.78578 2578.21 Stem 4498 34745 0.0870153 1070.38 PrefixMorph 1629 42440 0.123774 220.648 SuffixMorph 498 33047 0.0234068 79.4268 SubMorph 603 12921 0.00136563 125.775
420	1	17062.9	937947	41722	22501	27499	0	0.1 StemSuffixMorphs 34531 50000 0.775564 2920.54 Stem 4454 34531 0.0358915 1205.94 PrefixMorph 1623 42472 0.134335 208.57 SuffixMorph 493 32851 0.0114649 73.6061 SubMorph 621 12840 0.00734919 129.452
430	1	17438.9	940338	42072	22092	27908	0	0.1 StemSuffixMorphs 34811 50000 0.780007 2779.48 Stem 4484 34811 0.066671 1064.83 PrefixMorph 1652 42484 0.146187 215.409 SuffixMorph 501 33171 0.0199415 76.5625 SubMorph 624 12953 0.00629429 130.446
440	1	17808.3	938833	41919	22382	27618	0	0.1 StemSuffixMorphs 34669 50000 0.774774 2923.21 Stem 4510 34669 0.043658 1188.94 PrefixMorph 1596 42358 0.145063 192.338 SuffixMorph 533 33021 0.0181662 83.2421 SubMorph 611 12981 0.00151097 131.602
450	1	18172.1	938170	41908	22590	27410	0	0.1 StemSuffixMorphs 34667 50000 0.774768 2903.47 Stem 4496 34667 0.0745905 1073.57 PrefixMorph 1606 42339 0.121755 203.086 SuffixMorph 519 33008 0.000508149 80.9932 SubMorph 620 12904 0.0146716 118.578
460	1	18534.6	935712	41894	22922	27078	0	0.1 StemSuffixMorphs 34699 50000 0.77417 3006.53 Stem 4482 34699 0.0260999 1219.88 PrefixMorph 1592 42256 0.123021 211.02 SuffixMorph 525 33035 0.00982532 82.4147 SubMorph 596 12934 0.00668602 111.726
470	1	18893.2	937550	41998	22675	27325	0	0.1 StemSuffixMorphs 34796 50000 0.780759 2759.81 Stem 4473 34796 0.0465164 1178.53 PrefixMorph 1575 42254 0.14318 188.081 SuffixMorph 536 33153 0.0209506 73.0283 SubMorph 618 12882 0.00176785 125.333
480	1	19254.2	937096	42028	22770	27230	0	0.1 StemSuffixMorphs 34930 50000 0.784039 2892.66 Stem 4386 34930 0.0409768 1187.29 PrefixMorph 1553 42300 0.102571 211.705 SuffixMorph 531 33215 0.0178541 89.4749 SubMorph 628 12730 0.00478446 128.441
490	1	19625	939303	42001	22374	27626	0	0.1 StemSuffixMorphs 34746 50000 0.779593 3113.29 Stem 4536 34746 0.0445069 1199.09 PrefixMorph 1560 42278 0.0910055 232.224 SuffixMorph 539 33063 0.00727848 91.3988 SubMorph 620 12979 0.004268 126.549
500	1	20011.5	938378	42031	22518	27482	0	0.1 StemSuffixMorphs 34851 50000 0.775282 2984.51 Stem 4483 34851 0.045938 1153.65 PrefixMorph 1581 42129 0.113344 212.402 SuffixMorph 515 33141 0.00220762 86.357 SubMorph 601 12933 0.00475133 122.791
