# D = 1, E = 1, I = 1, P = 0, R = -1, n = 500, N = 1, P = 0, w = 1, a = 0.1, b = 1000, e = 1, f = 1, g = 10, h = 0.1, r = 1629240396, s = 1, S = 0, x = 10, m = 0, Z = 1, z = 0, T = 1, t = 1
# 703628 tokens in 50000 sentences
#
# It	Temp	Time	-logP	tables	same	changed	reject	default_pya	(parent pym pyn pya pyb)*
0	1	18.2057	3.69708e+06	558570	0	50000	0	0.1 Prefix 50000 50000 0.1 1000 Stem 50000 50000 0.1 1000 Suffix 50000 50000 0.1 1000 SuffixMorph 52528 52528 0.1 1000 SubMorph 303812 303812 0.1 1000 PrefixMorph 52230 52230 0.1 1000
10	1	2182.78	1.26423e+06	26397	1154	48846	0	0.1 Prefix 8934 50000 0.278495 1363.05 Stem 6369 50000 0.138087 1294.35 Suffix 7147 50000 0.3118 800.667 SuffixMorph 771 6134 0.0230017 190.967 SubMorph 1700 13787 0.00196613 486.637 PrefixMorph 1476 9410 0.225614 242.085
20	1	2619.82	1.21193e+06	21685	1488	48512	0	0.1 Prefix 8685 50000 0.37958 842.604 Stem 4875 50000 0.0271087 1216.44 Suffix 5841 50000 0.291431 643.415 SuffixMorph 421 5605 0.0190614 93.6609 SubMorph 1004 10648 0.00120521 237.143 PrefixMorph 859 9339 0.065781 185.886
30	1	2983.41	1.19164e+06	20359	1701	48299	0	0.1 Prefix 8697 50000 0.432458 632.635 Stem 4718 50000 0.0674282 1071.71 Suffix 5087 50000 0.265813 571.253 SuffixMorph 333 5063 0.00369571 81.7887 SubMorph 784 10198 0.00402541 198.886 PrefixMorph 740 9671 0.0126724 163.346
40	1	3326.19	1.17974e+06	19573	1947	48053	0	0.1 Prefix 8578 50000 0.436541 611.631 Stem 4674 50000 0.0683677 981.976 Suffix 4655 50000 0.291362 440.588 SuffixMorph 305 4759 0.0334756 69.7133 SubMorph 730 10020 0.00290648 173.875 PrefixMorph 631 9538 0.0234552 138.904
50	1	3656.85	1.17007e+06	18340	2272	47728	1	0.1 Prefix 7872 50000 0.403854 608.726 Stem 4612 50000 0.0570507 1024.97 Suffix 4316 50000 0.257641 455.447 SuffixMorph 273 4442 0.00128123 60.2243 SubMorph 704 9904 0.0101242 164.953 PrefixMorph 563 8871 0.0271888 113.703
60	1	3978.91	1.15923e+06	17809	2534	47466	0	0.1 Prefix 7812 50000 0.438735 455.706 Stem 4583 50000 0.0256777 1089.96 Suffix 3967 50000 0.252423 402.088 SuffixMorph 254 4152 0.0345948 46.1242 SubMorph 653 9850 0.0025886 146.248 PrefixMorph 540 8769 0.00511239 121.924
70	1	4294.13	1.15691e+06	17602	2573	47427	1	0.1 Prefix 7864 50000 0.431725 533.271 Stem 4559 50000 0.0224306 1122.73 Suffix 3774 50000 0.219933 414.372 SuffixMorph 239 4104 0.0203544 49.4718 SubMorph 645 9815 0.0277026 143.108 PrefixMorph 521 8841 0.0160446 113.223
80	1	4618.53	1.15054e+06	17698	2732	47268	1	0.1 Prefix 7943 50000 0.460455 406.033 Stem 4629 50000 0.0334116 1128.12 Suffix 3739 50000 0.235155 391.108 SuffixMorph 238 4031 0.00643699 49.9363 SubMorph 635 9907 0.00691941 134.566 PrefixMorph 514 8933 0.00788235 112.184
90	1	4942.1	1.14427e+06	16944	2832	47168	0	0.1 Prefix 7698 50000 0.489917 386.994 Stem 4677 50000 0.033996 1115.34 Suffix 3220 50000 0.193716 408.227 SuffixMorph 224 3580 0.00492628 47.8064 SubMorph 620 10018 0.0086352 144.161 PrefixMorph 505 8757 0.0042001 118.095
100	1	5260.05	1.14161e+06	17052	2979	47021	0	0.1 Prefix 7617 50000 0.466034 429.73 Stem 4652 50000 0.0277015 1117.58 Suffix 3460 50000 0.282826 277.76 SuffixMorph 216 3827 0.0186176 47.2146 SubMorph 628 9983 0.0044788 148.592 PrefixMorph 479 8552 0.00849273 105.806
110	1	5573.52	1.14142e+06	16795	2873	47127	0	0.1 Prefix 7512 50000 0.460994 410.266 Stem 4769 50000 0.0180565 1189.4 Suffix 3189 50000 0.228942 307.2 SuffixMorph 211 3577 0.000769178 45.2943 SubMorph 606 10158 0.000185814 147.505 PrefixMorph 508 8440 0.017847 111.981
120	1	5876.65	1.13554e+06	15964	3142	46858	0	0.1 Prefix 6975 50000 0.446941 369.354 Stem 4754 50000 0.029429 1122.28 Suffix 2961 50000 0.186714 354.912 SuffixMorph 205 3389 0.05375 42.2392 SubMorph 587 10137 0.00479895 136.049 PrefixMorph 482 8048 0.00338679 109.129
130	1	6178.2	1.1323e+06	16104	3426	46574	0	0.1 Prefix 7186 50000 0.458319 351.252 Stem 4770 50000 0.0486693 1113.49 Suffix 2875 50000 0.179896 314.378 SuffixMorph 197 3327 0.0271376 43.6117 SubMorph 571 10197 0.00690728 137.131 PrefixMorph 505 8141 0.0499319 96.0877
140	1	6476.24	1.12785e+06	15884	3502	46498	0	0.1 Prefix 7083 50000 0.462804 356.554 Stem 4745 50000 0.00643973 1240.1 Suffix 2801 50000 0.18958 311.784 SuffixMorph 189 3255 0.00240192 37.74 SubMorph 588 10113 0.00284443 141.83 PrefixMorph 478 8101 0.00222791 115.118
150	1	6777.74	1.12161e+06	15804	3893	46107	0	0.1 Prefix 7064 50000 0.490397 267.58 Stem 4661 50000 0.0520408 1075.1 Suffix 2811 50000 0.225042 277.106 SuffixMorph 185 3281 0.000165578 43.3441 SubMorph 595 10045 0.0031643 135.575 PrefixMorph 488 8094 0.0353012 100.82
160	1	7081.4	1.12162e+06	15951	3825	46175	0	0.1 Prefix 6894 50000 0.466884 287.79 Stem 4729 50000 0.0378246 1115.47 Suffix 3055 50000 0.260817 269.166 SuffixMorph 189 3539 0.00183888 42.7523 SubMorph 602 10086 0.00168031 137.754 PrefixMorph 482 7824 0.0407189 95.3601
170	1	7376.21	1.11898e+06	15974	3835	46165	0	0.1 Prefix 7124 50000 0.488033 276.262 Stem 4777 50000 0.0872433 980.313 Suffix 2840 50000 0.206155 320.781 SuffixMorph 183 3309 0.0187643 41.8533 SubMorph 591 10183 0.0104909 132.08 PrefixMorph 459 8165 0.00971727 102.465
180	1	7675.73	1.1128e+06	15704	4210	45790	1	0.1 Prefix 6906 50000 0.463946 309.806 Stem 4767 50000 0.0582626 1117.6 Suffix 2803 50000 0.25407 237.403 SuffixMorph 180 3308 0.0366503 36.3576 SubMorph 602 10161 0.00864506 126.801 PrefixMorph 446 7839 0.0157464 98.0651
190	1	7970.95	1.11227e+06	15696	4113	45887	0	0.1 Prefix 7029 50000 0.497777 261.763 Stem 4764 50000 0.0636737 1052.09 Suffix 2708 50000 0.259376 202.783 SuffixMorph 177 3216 0.0116412 38.1387 SubMorph 580 10191 0.00103167 124.657 PrefixMorph 438 7888 0.0179081 91.8498
200	1	8265.09	1.11185e+06	15509	4097	45903	2	0.1 Prefix 6900 50000 0.476222 279.857 Stem 4780 50000 0.0146562 1202.85 Suffix 2639 50000 0.242053 226.904 SuffixMorph 188 3240 0.0543655 38.1202 SubMorph 559 10188 0.0212082 108.912 PrefixMorph 443 7738 0.00172903 104.986
210	1	8560.19	1.11114e+06	15480	3995	46005	0	0.1 Prefix 6947 50000 0.48938 278.302 Stem 4709 50000 0.0112447 1176.08 Suffix 2650 50000 0.229857 246.963 SuffixMorph 179 3213 0.00584134 36.1146 SubMorph 559 10126 0.00582147 107.93 PrefixMorph 436 7827 0.060106 75.2408
220	1	8853.84	1.10878e+06	15588	4103	45897	0	0.1 Prefix 6925 50000 0.511705 203.124 Stem 4808 50000 0.0287627 1195.56 Suffix 2673 50000 0.221682 258.786 SuffixMorph 180 3235 0.0593028 34.0286 SubMorph 555 10232 0.000736698 119.4 PrefixMorph 447 7776 0.0106447 92.5914
230	1	9152.39	1.10716e+06	15805	4341	45659	0	0.1 Prefix 7234 50000 0.518249 250.085 Stem 4838 50000 0.0558137 1095.08 Suffix 2553 50000 0.236994 222.053 SuffixMorph 167 3121 0.051279 30.0399 SubMorph 580 10321 0.00161874 125.657 PrefixMorph 433 7928 0.0272739 90.1523
240	1	9446.6	1.10654e+06	15513	4125	45875	0	0.1 Prefix 6929 50000 0.505378 231.557 Stem 4873 50000 0.0227163 1204.92 Suffix 2541 50000 0.240058 197.904 SuffixMorph 172 3151 0.0191126 38.763 SubMorph 564 10371 0.00122558 125.645 PrefixMorph 434 7807 0.0102702 95.4154
250	1	9736.57	1.1016e+06	15324	4243	45757	0	0.1 Prefix 6881 50000 0.520667 210.376 Stem 4873 50000 0.037018 1187.26 Suffix 2424 50000 0.221233 211.55 SuffixMorph 166 3034 0.00694151 42.3278 SubMorph 577 10325 0.00372601 121.756 PrefixMorph 403 7769 0.010225 78.3123
260	1	10028.9	1.10097e+06	14974	4575	45425	0	0.1 Prefix 6490 50000 0.484297 231.273 Stem 4932 50000 0.0430127 1198.29 Suffix 2369 50000 0.198486 243.321 SuffixMorph 170 2993 0.0506191 34.819 SubMorph 581 10534 0.00967299 126.116 PrefixMorph 432 7456 0.0291744 85.4563
270	1	10309.4	1.10207e+06	14873	4424	45576	0	0.1 Prefix 6354 50000 0.478102 246.288 Stem 4899 50000 0.0191953 1241.31 Suffix 2454 50000 0.183131 283.156 SuffixMorph 180 3042 0.0335755 37.8351 SubMorph 563 10484 0.000392418 130.05 PrefixMorph 423 7305 0.0111265 88.0461
280	1	10596.2	1.10232e+06	15097	4355	45645	1	0.1 Prefix 6623 50000 0.488986 239.619 Stem 4903 50000 0.0437263 1126.44 Suffix 2386 50000 0.212964 223.601 SuffixMorph 156 2993 0.0214753 29.5471 SubMorph 579 10507 0.0226712 116.309 PrefixMorph 450 7655 0.0347378 92.5459
290	1	10876.8	1.09925e+06	14999	4413	45587	0	0.1 Prefix 6417 50000 0.500734 197.48 Stem 4917 50000 0.0253058 1223.27 Suffix 2494 50000 0.259052 208.493 SuffixMorph 157 3102 0.0261903 34.0789 SubMorph 572 10532 0.00254438 124.142 PrefixMorph 442 7545 0.0302854 91.7387
300	1	11153.8	1.09848e+06	14694	4403	45597	0	0.1 Prefix 6178 50000 0.48938 201.476 Stem 4862 50000 0.0381496 1143.17 Suffix 2508 50000 0.26572 185.495 SuffixMorph 159 3071 0.00169004 34.9372 SubMorph 543 10430 0.0483706 114.912 PrefixMorph 444 7461 0.0241211 89.3532
310	1	11424.9	1.09947e+06	14605	4259	45741	0	0.1 Prefix 6208 50000 0.474989 214.431 Stem 4862 50000 0.0171522 1252.09 Suffix 2404 50000 0.231854 200.733 SuffixMorph 161 3008 0.000446091 37.2833 SubMorph 560 10482 0.0213889 119.036 PrefixMorph 410 7417 0.00335534 85.8993
320	1	11695.9	1.09948e+06	15048	4423	45577	0	0.1 Prefix 6585 50000 0.507801 179.871 Stem 4926 50000 0.0527652 1131.52 Suffix 2382 50000 0.261126 184.069 SuffixMorph 160 2955 0.00512142 42.0448 SubMorph 567 10610 0.00230225 118.979 PrefixMorph 428 7696 0.00833216 90.009
330	1	11977.9	1.09971e+06	15180	4446	45554	0	0.1 Prefix 6670 50000 0.495623 232.121 Stem 4942 50000 0.0363491 1146.88 Suffix 2430 50000 0.259046 180.907 SuffixMorph 156 2982 0.0557549 29.7874 SubMorph 575 10547 0.00433508 126.776 PrefixMorph 407 7679 0.0536785 70.6059
340	1	12261.5	1.10252e+06	15275	4372	45628	0	0.1 Prefix 6789 50000 0.483922 259.502 Stem 4942 50000 0.0321173 1196.56 Suffix 2392 50000 0.247343 193.48 SuffixMorph 167 2970 0.00866293 34.6555 SubMorph 550 10577 0.0027405 131.478 PrefixMorph 435 7753 0.00463445 102.858
350	1	12548	1.10207e+06	15374	4505	45495	0	0.1 Prefix 6733 50000 0.482936 277.683 Stem 5064 50000 0.0411241 1211.99 Suffix 2454 50000 0.266273 183.89 SuffixMorph 148 2993 0.0132528 41.4545 SubMorph 564 10726 0.00359637 114.322 PrefixMorph 411 7531 0.0333391 80.2358
360	1	12834.6	1.09867e+06	15339	4543	45457	0	0.1 Prefix 6726 50000 0.497304 237.507 Stem 4993 50000 0.0245462 1272.48 Suffix 2505 50000 0.293034 167.981 SuffixMorph 153 3044 0.0332879 27.0461 SubMorph 551 10647 3.54861e-05 118.941 PrefixMorph 411 7547 0.00495624 82.1929
370	1	13116.6	1.09702e+06	15168	4803	45197	1	0.1 Prefix 6617 50000 0.501116 220.669 Stem 4946 50000 0.0212619 1223.87 Suffix 2444 50000 0.269273 177.781 SuffixMorph 162 2915 0.0194107 33.8291 SubMorph 572 10674 0.00276193 118.897 PrefixMorph 427 7597 0.00797872 97.6362
380	1	13397	1.09726e+06	15128	4683	45317	0	0.1 Prefix 6452 50000 0.503929 214.894 Stem 5098 50000 0.0427803 1220.44 Suffix 2446 50000 0.251924 189.367 SuffixMorph 142 2984 0.000172045 25.8944 SubMorph 574 10826 0.00906595 130.175 PrefixMorph 416 7375 0.00444457 91.9798
390	1	13679.2	1.09537e+06	15118	5027	44973	1	0.1 Prefix 6668 50000 0.518461 191.465 Stem 4991 50000 0.0695616 1141.79 Suffix 2325 50000 0.221316 212.3 SuffixMorph 149 2869 0.0201828 29.4883 SubMorph 555 10781 0.014368 110.728 PrefixMorph 430 7478 0.0217201 86.6457
400	1	13970.1	1.09854e+06	14983	5007	44993	1	0.1 Prefix 6605 50000 0.501661 229.966 Stem 4909 50000 0.0329718 1209.24 Suffix 2353 50000 0.224857 214.104 SuffixMorph 150 2878 0.0207106 25.7434 SubMorph 544 10645 0.00203595 121.836 PrefixMorph 422 7442 0.00301444 97.1237
410	1	14262.6	1.09568e+06	15074	5296	44704	0	0.1 Prefix 6695 50000 0.504568 203.409 Stem 4992 50000 0.0187667 1256.8 Suffix 2251 50000 0.231934 177.812 SuffixMorph 140 2732 0.0210561 30.042 SubMorph 580 10709 0.0282004 111.667 PrefixMorph 416 7489 0.027738 84.4147
420	1	14554.5	1.09427e+06	15181	5412	44588	0	0.1 Prefix 6582 50000 0.518709 206.063 Stem 5042 50000 0.0618985 1099.08 Suffix 2420 50000 0.248333 193.077 SuffixMorph 144 2889 0.00140546 28.0934 SubMorph 559 10837 0.0133264 113.298 PrefixMorph 434 7319 0.0265856 84.3828
430	1	14855.2	1.09608e+06	15167	5153	44847	0	0.1 Prefix 6529 50000 0.503429 235.226 Stem 5037 50000 0.0288731 1257.56 Suffix 2458 50000 0.27659 153.354 SuffixMorph 151 2958 0.00687397 33.9807 SubMorph 553 10790 0.00056526 117.693 PrefixMorph 439 7248 0.00527613 95.5421
440	1	15160.3	1.09577e+06	15145	5046	44954	0	0.1 Prefix 6538 50000 0.513419 204.988 Stem 4980 50000 0.0284086 1229.63 Suffix 2443 50000 0.254147 177.164 SuffixMorph 157 2948 0.00404357 32.827 SubMorph 583 10804 0.00915998 124.45 PrefixMorph 444 7319 0.0216875 93.0285
450	1	15464.5	1.09522e+06	14920	5184	44816	0	0.1 Prefix 6402 50000 0.508582 212.92 Stem 5058 50000 0.0439127 1208.75 Suffix 2328 50000 0.225536 205.739 SuffixMorph 145 2849 0.053708 26.9079 SubMorph 559 10904 0.0124772 107.239 PrefixMorph 428 7292 0.0130795 89.2595
460	1	15760.6	1.09384e+06	15063	5272	44728	0	0.1 Prefix 6492 50000 0.510511 216.097 Stem 5054 50000 0.0371115 1218.46 Suffix 2380 50000 0.259304 183.69 SuffixMorph 151 2917 0.00876763 29.3046 SubMorph 569 10869 0.00746966 116.237 PrefixMorph 417 7311 0.00248841 87.5941
470	1	16045.1	1.09097e+06	14923	5566	44434	0	0.1 Prefix 6405 50000 0.50459 220.388 Stem 5040 50000 0.0350005 1191.13 Suffix 2351 50000 0.232947 205.942 SuffixMorph 147 2871 0.00205029 31.3388 SubMorph 553 10862 0.00728121 114.387 PrefixMorph 427 7253 0.0175303 93.5413
480	1	16328.1	1.0901e+06	14956	5429	44571	1	0.1 Prefix 6533 50000 0.514551 192.083 Stem 5041 50000 0.00591849 1363.85 Suffix 2268 50000 0.219528 219.244 SuffixMorph 141 2823 0.011943 27.2588 SubMorph 559 10820 0.0129033 114.202 PrefixMorph 414 7312 0.0048081 92.1768
490	1	16606.6	1.09091e+06	14968	5561	44439	0	0.1 Prefix 6469 50000 0.51815 160.464 Stem 5160 50000 0.0566033 1175.4 Suffix 2217 50000 0.198109 207.628 SuffixMorph 150 2788 0.032691 35.9392 SubMorph 577 11040 0.0027997 128.846 PrefixMorph 395 7248 0.00209334 91.6567
500	1	16890.6	1.09209e+06	15285	5568	44432	0	0.1 Prefix 6675 50000 0.529968 160.66 Stem 5148 50000 0.057173 1194.55 Suffix 2344 50000 0.25123 194.729 SuffixMorph 142 2903 0.0413537 22.9617 SubMorph 563 11087 0.0182037 113.256 PrefixMorph 413 7404 0.00198888 85.8099
