# D = 1, E = 1, I = 1, P = 0, R = -1, n = 500, N = 1, P = 0, w = 1, a = 0.1, b = 1000, e = 1, f = 1, g = 10, h = 0.1, r = 1629240424, s = 1, S = 0, x = 10, m = 0, Z = 1, z = 0, T = 1, t = 1
# 703628 tokens in 50000 sentences
#
# It	Temp	Time	-logP	tables	same	changed	reject	default_pya	(parent pym pyn pya pyb)*
0	1	20.0894	3.60347e+06	508385	0	50000	0	0.1 StemSuffixMorphs 50000 50000 0.1 1000 Stem 50000 50000 0.1 1000 PrefixMorph 51796 51796 0.1 1000 SuffixMorph 52301 52301 0.1 1000 SubMorph 304288 304288 0.1 1000
10	1	1719.7	1.08666e+06	37175	11628	38372	0	0.1 StemSuffixMorphs 24888 50000 0.571244 3614.1 Stem 3727 24888 0.122045 821.381 PrefixMorph 5686 47685 0.00324714 1618.82 SuffixMorph 1065 23561 0.0070585 236.887 SubMorph 1809 16585 0.00207279 497.102
20	1	2103.91	1.04705e+06	39315	11777	38223	2	0.1 StemSuffixMorphs 29865 50000 0.675756 3383.84 Stem 3577 29865 0.0561815 897.04 PrefixMorph 3990 45657 0.0057596 987.647 SuffixMorph 776 28818 0.00367823 142.761 SubMorph 1107 13947 0.00137732 273.324
30	1	2475.07	1.02306e+06	39617	12810	37190	0	0.1 StemSuffixMorphs 31215 50000 0.703341 3264.45 Stem 3577 31215 0.0293677 921.492 PrefixMorph 3263 44916 0.0210763 756.236 SuffixMorph 675 30151 0.00149279 124.783 SubMorph 887 13118 0.00227546 196.084
40	1	2839.25	1.0086e+06	39742	13797	36203	0	0.1 StemSuffixMorphs 31824 50000 0.731454 2968.27 Stem 3659 31824 0.0407327 946.65 PrefixMorph 2863 44515 0.057031 546.562 SuffixMorph 591 30698 0.00384308 108.575 SubMorph 805 12723 0.0101108 180.041
50	1	3204.12	1.00013e+06	39908	14515	35485	0	0.1 StemSuffixMorphs 32206 50000 0.74046 2963.6 Stem 3805 32206 0.0663569 894.238 PrefixMorph 2578 44167 0.0314754 533.191 SuffixMorph 574 31123 0.00922648 99.3988 SubMorph 745 12594 0.00455221 163.041
60	1	3561.99	989709	40073	15261	34739	0	0.1 StemSuffixMorphs 32624 50000 0.741241 3035.69 Stem 3804 32624 0.0349121 1013.72 PrefixMorph 2384 43913 0.0277712 468.48 SuffixMorph 557 31400 0.00104467 93.8211 SubMorph 704 12449 0.00451479 153.878
70	1	3917.06	983941	40075	15752	34248	0	0.1 StemSuffixMorphs 32677 50000 0.743215 2794.03 Stem 3870 32677 0.06053 941.863 PrefixMorph 2319 43834 0.0644813 406.482 SuffixMorph 533 31487 0.0026117 87.1257 SubMorph 676 12485 0.00393892 146.55
80	1	4273.29	979438	40257	16375	33625	0	0.1 StemSuffixMorphs 32841 50000 0.737463 3233.23 Stem 3904 32841 0.0578749 959.625 PrefixMorph 2257 43712 0.0636484 386.117 SuffixMorph 526 31578 0.00295139 83.3246 SubMorph 729 12503 0.013724 154.14
90	1	4671.36	975712	40106	16934	33066	0	0.1 StemSuffixMorphs 32790 50000 0.737847 3226.41 Stem 3997 32790 0.0985914 886.335 PrefixMorph 2163 43657 0.072777 376.398 SuffixMorph 498 31517 0.00267494 77.6179 SubMorph 658 12497 0.00282636 139.432
100	1	5147.14	973329	40468	17254	32746	2	0.1 StemSuffixMorphs 33161 50000 0.750872 3124.31 Stem 3972 33161 0.0426436 1005.35 PrefixMorph 2189 43560 0.0546198 389.353 SuffixMorph 505 31807 0.00969032 73.7275 SubMorph 641 12572 0.0138306 142.193
110	1	5511.1	968608	40456	17492	32508	0	0.1 StemSuffixMorphs 33139 50000 0.745724 3045.66 Stem 4098 33139 0.0675326 986.102 PrefixMorph 2101 43448 0.0912347 339.299 SuffixMorph 489 31664 0.000201634 80.2088 SubMorph 629 12750 0.000486355 134.53
120	1	5942.83	966429	40909	17478	32522	0	0.1 StemSuffixMorphs 33545 50000 0.764701 2652.21 Stem 4119 33545 0.0789033 957.613 PrefixMorph 2095 43345 0.0889226 347.39 SuffixMorph 496 32137 0.00404577 85.1402 SubMorph 654 12703 0.0133365 128.231
130	1	6299.86	963570	41054	18047	31953	0	0.1 StemSuffixMorphs 33738 50000 0.759228 3276.42 Stem 4202 33738 0.0468906 1095.44 PrefixMorph 2044 43296 0.0844969 326.479 SuffixMorph 481 32104 0.0029377 86.6203 SubMorph 589 12833 0.00297872 122.131
140	1	6652.92	960412	41036	18248	31752	0	0.1 StemSuffixMorphs 33834 50000 0.758273 3230.2 Stem 4126 33834 0.0268033 1093.52 PrefixMorph 1982 43159 0.141657 250.85 SuffixMorph 481 32281 0.000352767 76.054 SubMorph 613 12742 0.00666896 123.953
150	1	7006.26	959804	41010	18576	31424	0	0.1 StemSuffixMorphs 33710 50000 0.760859 2833.23 Stem 4210 33710 0.0463591 1074.29 PrefixMorph 1962 43218 0.0795804 307.087 SuffixMorph 506 32095 0.00126906 77.8446 SubMorph 622 12818 0.00597266 130.563
160	1	7374.83	956720	40974	18806	31194	0	0.1 StemSuffixMorphs 33784 50000 0.759028 3026.66 Stem 4102 33784 0.0392812 1105.55 PrefixMorph 1975 43078 0.164999 228.316 SuffixMorph 501 32278 0.026058 75.7593 SubMorph 612 12674 0.00758333 122.353
170	1	7744.98	954329	41277	19066	30934	0	0.1 StemSuffixMorphs 34066 50000 0.765024 3138.55 Stem 4200 34066 0.0573901 1077.58 PrefixMorph 1890 43085 0.0885694 298.836 SuffixMorph 510 32383 0.00144044 85.6279 SubMorph 611 12752 0.0170725 137.446
180	1	8101.06	954372	41296	19227	30773	1	0.1 StemSuffixMorphs 34043 50000 0.762894 2758.84 Stem 4285 34043 0.0504359 1095.37 PrefixMorph 1835 42920 0.0719412 294.27 SuffixMorph 501 32457 0.0133918 84.5991 SubMorph 632 12811 0.00175736 128.411
190	1	8462.75	951821	41319	19697	30303	0	0.1 StemSuffixMorphs 34048 50000 0.765545 3023.64 Stem 4287 34048 0.0441509 1151.87 PrefixMorph 1831 42849 0.110198 269.855 SuffixMorph 518 32331 0.0164236 86.9556 SubMorph 635 12902 0.0367077 106.512
200	1	8821.44	951521	41220	19583	30417	0	0.1 StemSuffixMorphs 33989 50000 0.762714 2915.39 Stem 4338 33989 0.0747016 1052.43 PrefixMorph 1799 42868 0.0960605 274.557 SuffixMorph 491 32264 0.0166511 62.9944 SubMorph 603 12920 0.0174987 113.955
210	1	9178.78	952139	41532	19636	30364	0	0.1 StemSuffixMorphs 34274 50000 0.774344 2860.25 Stem 4321 34274 0.0411876 1159.36 PrefixMorph 1836 42783 0.108627 258.456 SuffixMorph 517 32526 0.00469258 80.4117 SubMorph 584 12986 0.0002894 120.596
220	1	9535.51	953219	41440	19660	30340	0	0.1 StemSuffixMorphs 34193 50000 0.766541 3017.71 Stem 4268 34193 0.0837966 986.824 PrefixMorph 1834 42872 0.0957644 262.166 SuffixMorph 540 32552 0.00511548 91.4922 SubMorph 605 12948 0.0112753 124.09
230	1	9904.53	949305	41636	20164	29836	1	0.1 StemSuffixMorphs 34410 50000 0.770124 3079.67 Stem 4348 34410 0.0642026 1048.27 PrefixMorph 1771 42793 0.13473 220.913 SuffixMorph 507 32656 0.00808128 74.3918 SubMorph 600 12935 0.00260789 116.604
240	1	10271.2	947602	41729	20335	29665	0	0.1 StemSuffixMorphs 34511 50000 0.770939 2859.96 Stem 4369 34511 0.0504327 1090.38 PrefixMorph 1764 42749 0.115878 238.124 SuffixMorph 507 32761 0.0117419 78.5984 SubMorph 578 12993 0.000704132 124.476
250	1	10648.9	947763	41747	20363	29637	0	0.1 StemSuffixMorphs 34556 50000 0.771807 2945.94 Stem 4330 34556 0.0681684 1057.41 PrefixMorph 1741 42709 0.117299 229.873 SuffixMorph 531 32779 0.000376052 84.2994 SubMorph 589 12900 0.00610975 118.733
260	1	11020.5	948091	41679	20342	29658	0	0.1 StemSuffixMorphs 34472 50000 0.770877 2895.74 Stem 4270 34472 0.034982 1097.87 PrefixMorph 1786 42708 0.150597 209.074 SuffixMorph 539 32720 0.027227 85.56 SubMorph 612 12909 0.000430509 131.347
270	1	11392.7	945765	41727	20847	29153	0	0.1 StemSuffixMorphs 34484 50000 0.775269 2717.74 Stem 4386 34484 0.0724362 1066.12 PrefixMorph 1726 42626 0.107585 240.052 SuffixMorph 528 32667 0.00146611 80.7332 SubMorph 603 13027 0.0107427 124.091
280	1	11761.2	944160	41739	21038	28962	0	0.1 StemSuffixMorphs 34475 50000 0.773314 3046.66 Stem 4396 34475 0.0763682 1064.95 PrefixMorph 1754 42645 0.145534 210.272 SuffixMorph 515 32667 0.000640252 89.9892 SubMorph 599 13112 0.0193153 110.249
290	1	12119.8	942021	41672	21327	28673	0	0.1 StemSuffixMorphs 34409 50000 0.768286 2966.83 Stem 4419 34409 0.0673828 1075.25 PrefixMorph 1723 42533 0.107515 228.923 SuffixMorph 522 32617 0.00712674 78.937 SubMorph 599 13024 0.0128457 125.207
300	1	12487.6	943056	42044	21471	28529	0	0.1 StemSuffixMorphs 34772 50000 0.786363 2629.98 Stem 4481 34772 0.0434303 1200.19 PrefixMorph 1673 42433 0.114703 236.916 SuffixMorph 524 32969 0.027678 78.204 SubMorph 594 13072 0.00646487 126.935
310	1	12850	944055	42154	21248	28752	0	0.1 StemSuffixMorphs 34806 50000 0.777091 2981.02 Stem 4488 34806 0.0851965 1087.42 PrefixMorph 1730 42295 0.134278 209.56 SuffixMorph 535 32972 0.0101997 85.6312 SubMorph 595 13175 0.000126874 129.635
320	1	13207.6	942949	42092	21339	28661	0	0.1 StemSuffixMorphs 34827 50000 0.77842 3040.46 Stem 4427 34827 0.0706403 1125.03 PrefixMorph 1709 42360 0.134526 227.778 SuffixMorph 541 32939 0.038143 77.8879 SubMorph 588 13133 0.00369666 123.319
330	1	13597.9	942874	42191	21624	28376	1	0.1 StemSuffixMorphs 34890 50000 0.781467 2781.38 Stem 4508 34890 0.0630212 1115.47 PrefixMorph 1660 42341 0.109939 237.035 SuffixMorph 540 33047 0.00575995 85.3801 SubMorph 593 13155 0.000115698 118.134
340	1	13988.8	942762	41926	21396	28604	0	0.1 StemSuffixMorphs 34650 50000 0.781459 2498.08 Stem 4455 34650 0.0811634 1058.18 PrefixMorph 1686 42443 0.11125 241.477 SuffixMorph 539 32802 0.0173268 83.1936 SubMorph 596 13098 0.0101362 120.41
350	1	14350	942111	42053	21462	28538	0	0.1 StemSuffixMorphs 34792 50000 0.778494 2791.44 Stem 4445 34792 0.0562618 1114.93 PrefixMorph 1706 42404 0.141732 202.41 SuffixMorph 525 32910 0.00104986 88.0563 SubMorph 585 13136 0.0141188 115.177
360	1	14727.1	943971	42301	21133	28867	0	0.1 StemSuffixMorphs 34903 50000 0.784005 2708.3 Stem 4506 34903 0.0449761 1229.97 PrefixMorph 1721 42421 0.189691 163.624 SuffixMorph 543 33092 0.00750021 85.8463 SubMorph 628 13193 0.00429058 129.724
370	1	15095.1	941297	42119	21368	28632	0	0.1 StemSuffixMorphs 34907 50000 0.783553 2977.25 Stem 4451 34907 0.032531 1165.92 PrefixMorph 1646 42240 0.133369 201.923 SuffixMorph 517 33080 0.00622764 85.5659 SubMorph 598 13025 0.00356385 127.971
380	1	15466.3	942291	41827	21575	28425	0	0.1 StemSuffixMorphs 34669 50000 0.774415 2900.79 Stem 4427 34669 0.0494735 1109.5 PrefixMorph 1606 42359 0.120602 209.512 SuffixMorph 525 32750 0.00235169 85.0705 SubMorph 600 12973 0.00158189 135.176
390	1	15832.3	941897	42306	21719	28281	0	0.1 StemSuffixMorphs 35008 50000 0.782671 2783.36 Stem 4565 35008 0.0416713 1202.37 PrefixMorph 1637 42231 0.143151 188.465 SuffixMorph 521 33119 0.0184491 90.4011 SubMorph 575 13223 0.0103718 115.175
400	1	16195	940010	41963	21830	28170	1	0.1 StemSuffixMorphs 34734 50000 0.776847 2821.03 Stem 4491 34734 0.0675615 1080.31 PrefixMorph 1627 42213 0.117478 207.571 SuffixMorph 530 32921 0.00169115 85.4591 SubMorph 581 13118 0.00790176 119.689
410	1	16547.9	940883	42187	21766	28234	0	0.1 StemSuffixMorphs 34948 50000 0.778787 2956.09 Stem 4515 34948 0.0686639 1115.49 PrefixMorph 1597 42143 0.0854075 255.507 SuffixMorph 554 33112 0.0215268 83.5194 SubMorph 573 13145 0.0149756 118.287
420	1	16965.2	937986	42305	22315	27685	0	0.1 StemSuffixMorphs 35014 50000 0.784986 2631.22 Stem 4591 35014 0.0589776 1202.74 PrefixMorph 1578 42200 0.108846 225.493 SuffixMorph 540 33176 0.010594 89.6553 SubMorph 582 13206 0.0043389 113.605
430	1	17324.3	936521	42184	22542	27458	0	0.1 StemSuffixMorphs 34926 50000 0.777716 2789 Stem 4503 34926 0.0895006 1040.67 PrefixMorph 1602 42175 0.11087 228.096 SuffixMorph 544 33088 0.0100398 86.1856 SubMorph 609 13111 0.00150586 136.323
440	1	17708.9	938139	42218	22632	27368	1	0.1 StemSuffixMorphs 34921 50000 0.776985 2924.06 Stem 4545 34921 0.0556295 1212.96 PrefixMorph 1617 42116 0.138475 192.683 SuffixMorph 535 33109 0.00303755 88.2883 SubMorph 600 13214 0.00227814 118.159
450	1	18069.1	936922	42286	22766	27234	0	0.1 StemSuffixMorphs 34946 50000 0.787551 2580.2 Stem 4615 34946 0.0586251 1188.83 PrefixMorph 1615 42135 0.161829 178.464 SuffixMorph 527 33178 0.00433415 80.6319 SubMorph 583 13327 7.51685e-05 116.784
460	1	18431.6	938319	42281	22503	27497	0	0.1 StemSuffixMorphs 34986 50000 0.782079 2880.66 Stem 4639 34986 0.0686695 1151.88 PrefixMorph 1532 42133 0.121525 205.289 SuffixMorph 533 33077 0.00372679 91.18 SubMorph 591 13274 0.00438787 123.824
470	1	18787.9	938056	42358	22691	27309	0	0.1 StemSuffixMorphs 34996 50000 0.77753 3044.01 Stem 4656 34996 0.0506306 1240.69 PrefixMorph 1580 42153 0.130386 192.698 SuffixMorph 552 33152 0.00879984 95.1428 SubMorph 574 13325 0.011007 116.678
480	1	19151.8	938863	42641	22209	27791	0	0.1 StemSuffixMorphs 35296 50000 0.788672 2705.84 Stem 4662 35296 0.0603032 1170.53 PrefixMorph 1525 42177 0.122212 172.483 SuffixMorph 565 33388 0.0161363 87.5184 SubMorph 593 13351 0.00848525 124.383
490	1	19523.3	937441	42322	22494	27506	0	0.1 StemSuffixMorphs 35059 50000 0.78154 2977.47 Stem 4595 35059 0.0388979 1286.63 PrefixMorph 1538 42116 0.104768 215.671 SuffixMorph 551 33172 0.0247875 84.8946 SubMorph 579 13222 0.00581624 116.442
500	1	19892.2	937469	42328	22343	27657	0	0.1 StemSuffixMorphs 35142 50000 0.782286 2952.23 Stem 4531 35142 0.0411121 1183.24 PrefixMorph 1550 42179 0.133913 198.174 SuffixMorph 532 33247 0.0465238 73.702 SubMorph 573 13205 0.00419665 120.38
