# D = 1, E = 1, I = 1, P = 0, R = -1, n = 500, N = 1, P = 0, w = 1, a = 0.1, b = 1000, e = 1, f = 1, g = 10, h = 0.1, r = 1629240418, s = 1, S = 0, x = 10, m = 0, Z = 1, z = 0, T = 1, t = 1
# 703628 tokens in 50000 sentences
#
# It	Temp	Time	-logP	tables	same	changed	reject	default_pya	(parent pym pyn pya pyb)*
0	1	20.0237	3.60669e+06	509508	0	50000	0	0.1 StemSuffixMorphs 50000 50000 0.1 1000 Stem 50000 50000 0.1 1000 PrefixMorph 52048 52048 0.1 1000 SuffixMorph 52916 52916 0.1 1000 SubMorph 304544 304544 0.1 1000
10	1	1473.6	1.09098e+06	38022	11437	38563	0	0.1 StemSuffixMorphs 25659 50000 0.594855 3227.57 Stem 3620 25659 0.0975084 853.077 PrefixMorph 5752 47369 0.0200389 1582.66 SuffixMorph 1136 24284 0.00127079 252.162 SubMorph 1855 16670 0.00457618 530.053
20	1	1877.88	1.04948e+06	39471	12013	37987	1	0.1 StemSuffixMorphs 30087 50000 0.682513 3583.24 Stem 3540 30087 0.0652505 837.476 PrefixMorph 3968 45549 0.00396198 995.265 SuffixMorph 799 28885 0.00189356 150.009 SubMorph 1077 14131 0.000325653 268.207
30	1	2267.56	1.02536e+06	39832	12661	37339	0	0.1 StemSuffixMorphs 31436 50000 0.711618 3270.22 Stem 3601 31436 0.0479422 929.806 PrefixMorph 3245 44673 0.00291707 773.542 SuffixMorph 700 30185 0.00903984 119.197 SubMorph 850 13288 0.00518014 203.866
40	1	2641.12	1.00933e+06	40157	13530	36470	0	0.1 StemSuffixMorphs 32261 50000 0.728554 3140.06 Stem 3653 32261 0.0119938 1023.44 PrefixMorph 2843 44345 0.0109879 650.808 SuffixMorph 638 30853 0.00340125 101.428 SubMorph 762 12892 4.32672e-06 174.141
50	1	3004.59	1.00009e+06	40343	14026	35974	0	0.1 StemSuffixMorphs 32809 50000 0.749154 2783.76 Stem 3677 32809 0.0372942 942.714 PrefixMorph 2517 44150 0.00754926 533.09 SuffixMorph 603 31414 0.000289693 110.386 SubMorph 737 12484 0.00443014 153.013
60	1	3365.46	991630	40518	14753	35247	0	0.1 StemSuffixMorphs 33059 50000 0.750782 2861.2 Stem 3784 33059 0.0372642 954.07 PrefixMorph 2388 43788 0.00738007 501.854 SuffixMorph 569 31508 0.00666227 98.0059 SubMorph 718 12640 0.0128566 148.258
70	1	3725.6	985773	40524	15286	34714	0	0.1 StemSuffixMorphs 33110 50000 0.743184 3275.79 Stem 3868 33110 0.0463678 976.063 PrefixMorph 2321 43585 0.0412076 453.781 SuffixMorph 566 31520 0.00636922 90.7309 SubMorph 659 12693 0.00560171 124.953
80	1	4085.39	980719	40593	15656	34344	0	0.1 StemSuffixMorphs 33235 50000 0.753879 2922.22 Stem 3890 33235 0.019417 1032.59 PrefixMorph 2250 43539 0.0195649 465.108 SuffixMorph 561 31658 0.00704894 90.0995 SubMorph 657 12674 0.010624 133.965
90	1	4466.04	974734	40832	16536	33464	0	0.1 StemSuffixMorphs 33539 50000 0.752992 3179.72 Stem 4005 33539 0.0586944 972.026 PrefixMorph 2075 43487 0.0582512 360.503 SuffixMorph 570 31987 0.00132263 95.1264 SubMorph 643 12705 0.00144272 135.046
100	1	4834.98	969709	40948	17054	32946	0	0.1 StemSuffixMorphs 33773 50000 0.76005 3046 Stem 3962 33773 0.0720288 953.172 PrefixMorph 2022 43417 0.0373253 374.977 SuffixMorph 568 32124 0.00396655 96.6658 SubMorph 623 12588 0.00426779 133.304
110	1	5214	966166	41121	17679	32321	0	0.1 StemSuffixMorphs 33812 50000 0.763617 2986.25 Stem 4081 33812 0.0650732 983.692 PrefixMorph 1988 43260 0.0732134 331.626 SuffixMorph 599 32181 0.00207459 106.94 SubMorph 641 12778 0.0158419 122.882
120	1	5586.66	962377	40977	18276	31724	0	0.1 StemSuffixMorphs 33796 50000 0.763757 2975.86 Stem 4059 33796 0.0278994 1058.04 PrefixMorph 1953 43303 0.117612 258.576 SuffixMorph 540 32107 0.0064028 89.4844 SubMorph 629 12641 0.00105926 129.979
130	1	5961.65	958288	41159	18807	31193	0	0.1 StemSuffixMorphs 33951 50000 0.765103 2728.98 Stem 4162 33951 0.0532107 1049.41 PrefixMorph 1876 43069 0.0553791 318.946 SuffixMorph 539 32295 0.00043976 92.0481 SubMorph 631 12749 0.000862219 142.905
140	1	6323.09	957675	41352	18851	31149	0	0.1 StemSuffixMorphs 34083 50000 0.767072 3047.27 Stem 4250 34083 0.0174052 1189.07 PrefixMorph 1834 42997 0.0888867 262.977 SuffixMorph 550 32280 0.000108601 93.4838 SubMorph 635 12823 0.0107146 132.611
150	1	6694.8	956409	41415	18877	31123	0	0.1 StemSuffixMorphs 34165 50000 0.76438 3014.03 Stem 4286 34165 0.0405267 1111.39 PrefixMorph 1811 42901 0.0495135 316.404 SuffixMorph 553 32394 0.00563226 95.8177 SubMorph 600 12905 0.000369178 125.133
160	1	7078.92	955612	41551	19609	30391	1	0.1 StemSuffixMorphs 34271 50000 0.772716 2770.3 Stem 4293 34271 0.0669538 1048.32 PrefixMorph 1830 42783 0.0914076 266.967 SuffixMorph 543 32484 0.000322931 92.8713 SubMorph 614 12947 0.00749309 129.324
170	1	7452.69	954933	41710	19778	30222	0	0.1 StemSuffixMorphs 34422 50000 0.768927 2941.18 Stem 4300 34422 0.062419 1066.68 PrefixMorph 1814 42830 0.0707901 315.389 SuffixMorph 549 32652 0.0029717 96.0494 SubMorph 625 12866 0.00624401 130.519
180	1	7821.7	951739	41590	20248	29752	1	0.1 StemSuffixMorphs 34294 50000 0.770619 2800.66 Stem 4379 34294 0.0705831 1083.9 PrefixMorph 1748 42776 0.0819435 278.035 SuffixMorph 547 32507 0.00202864 89.8079 SubMorph 622 12986 0.0215487 118.77
190	1	8201.21	948753	41566	20443	29557	0	0.1 StemSuffixMorphs 34275 50000 0.771122 3033.14 Stem 4433 34275 0.0835387 1044.57 PrefixMorph 1747 42704 0.116451 233.393 SuffixMorph 518 32490 0.00346248 82.5914 SubMorph 593 13089 0.00366669 116.178
200	1	8600.48	948636	41592	20446	29554	1	0.1 StemSuffixMorphs 34414 50000 0.772184 2601.61 Stem 4276 34414 0.0482682 1115.72 PrefixMorph 1742 42650 0.0955857 241.957 SuffixMorph 541 32631 0.0147418 85.5585 SubMorph 619 12865 0.0064907 129.673
210	1	8984.86	947723	41728	20505	29495	0	0.1 StemSuffixMorphs 34536 50000 0.770283 3144.28 Stem 4388 34536 0.0570828 1097.84 PrefixMorph 1680 42569 0.0894584 260.616 SuffixMorph 516 32747 0.00179392 87.2303 SubMorph 608 12965 0.0194727 115.23
220	1	9385.99	945651	41735	20912	29088	1	0.1 StemSuffixMorphs 34482 50000 0.765921 3192.39 Stem 4446 34482 0.0502607 1106.12 PrefixMorph 1679 42520 0.132377 199.875 SuffixMorph 528 32645 0.0105311 83.3767 SubMorph 600 13098 0.00196704 131.81
230	1	9758.04	945324	41975	20969	29031	0	0.1 StemSuffixMorphs 34735 50000 0.77776 2939.41 Stem 4443 34735 0.0486688 1164.8 PrefixMorph 1665 42510 0.0673501 265.081 SuffixMorph 534 32856 0.00463012 85.523 SubMorph 598 13023 0.0153594 132.453
240	1	10143.5	943573	41865	21320	28680	0	0.1 StemSuffixMorphs 34664 50000 0.773093 2978.97 Stem 4411 34664 0.0681536 1105.88 PrefixMorph 1636 42389 0.107781 231.33 SuffixMorph 543 32843 0.000488216 90.7807 SubMorph 611 13009 0.0081031 124.955
250	1	10523.1	943180	41971	21160	28840	0	0.1 StemSuffixMorphs 34656 50000 0.774469 2781.03 Stem 4510 34656 0.0714363 1073.24 PrefixMorph 1660 42342 0.104943 223.629 SuffixMorph 535 32718 0.000281347 95.9638 SubMorph 610 13209 0.00186515 135.317
260	1	10945	943980	42138	21233	28767	0	0.1 StemSuffixMorphs 34825 50000 0.783804 2527.06 Stem 4501 34825 0.0950839 1026.59 PrefixMorph 1677 42357 0.12912 209.632 SuffixMorph 534 32993 0.0173297 80.518 SubMorph 601 13253 0.00198662 112.869
270	1	11354.3	943620	42439	20952	29048	0	0.1 StemSuffixMorphs 35149 50000 0.785043 2834.72 Stem 4541 35149 0.0576156 1122.08 PrefixMorph 1637 42260 0.150865 187.432 SuffixMorph 522 33288 0.00715297 82.7203 SubMorph 590 13190 0.00024169 124.674
280	1	11723.8	942787	42284	21123	28877	0	0.1 StemSuffixMorphs 34993 50000 0.774833 3003.65 Stem 4565 34993 0.0766269 1101.82 PrefixMorph 1600 42353 0.103208 217.34 SuffixMorph 526 33132 0.0104523 80.6639 SubMorph 600 13118 0.00708941 120.11
290	1	12094.9	942117	42351	21276	28724	0	0.1 StemSuffixMorphs 35074 50000 0.787486 2530.55 Stem 4552 35074 0.114062 992.151 PrefixMorph 1570 42272 0.0823314 251.771 SuffixMorph 549 33190 0.00442396 96.0314 SubMorph 606 13171 0.00772564 125.921
300	1	12476.7	943068	42703	21311	28689	0	0.1 StemSuffixMorphs 35294 50000 0.782375 3007.39 Stem 4670 35294 0.08913 1116.82 PrefixMorph 1568 42183 0.114185 205.389 SuffixMorph 546 33377 0.0108627 85.1347 SubMorph 625 13379 0.0221138 116.072
310	1	12867.4	943356	42439	20843	29157	0	0.1 StemSuffixMorphs 35043 50000 0.778898 3046.61 Stem 4681 35043 0.0767306 1150.15 PrefixMorph 1569 42113 0.102173 219.646 SuffixMorph 546 33082 0.0287188 73.2365 SubMorph 600 13403 0.00750865 121.678
320	1	13261.1	943930	42608	20950	29050	0	0.1 StemSuffixMorphs 35319 50000 0.788565 2793.91 Stem 4619 35319 0.0400657 1243.37 PrefixMorph 1547 42203 0.0888944 227.682 SuffixMorph 533 33379 0.013546 92.4679 SubMorph 590 13207 0.013473 123.433
330	1	13640.2	942576	42531	20879	29121	0	0.1 StemSuffixMorphs 35211 50000 0.785255 2772.15 Stem 4622 35211 0.0486594 1270.41 PrefixMorph 1577 42066 0.0917133 242.41 SuffixMorph 541 33213 0.00140202 90.208 SubMorph 580 13379 0.0022445 120.501
340	1	14024.6	942230	42692	21089	28911	0	0.1 StemSuffixMorphs 35334 50000 0.781959 2812.1 Stem 4628 35334 0.0588613 1147.88 PrefixMorph 1606 41995 0.118186 213.338 SuffixMorph 521 33368 0.00680684 85.2249 SubMorph 603 13446 0.00187541 126.081
350	1	14389.5	940588	42632	21497	28503	0	0.1 StemSuffixMorphs 35267 50000 0.788837 2758.88 Stem 4613 35267 0.0759033 1135.75 PrefixMorph 1594 41987 0.123303 206.751 SuffixMorph 541 33311 0.00329834 82.0467 SubMorph 617 13388 0.00388959 125.804
360	1	14751.6	939982	42627	21656	28344	0	0.1 StemSuffixMorphs 35223 50000 0.78964 2820.17 Stem 4660 35223 0.0866099 1138.01 PrefixMorph 1580 42060 0.109146 220.424 SuffixMorph 544 33322 0.00254044 84.6216 SubMorph 620 13444 0.00620511 126.106
370	1	15195.6	941042	42577	21570	28430	0	0.1 StemSuffixMorphs 35179 50000 0.786094 2702.11 Stem 4671 35179 0.0716054 1171.77 PrefixMorph 1592 41969 0.114689 215.776 SuffixMorph 547 33240 0.0250379 87.8213 SubMorph 588 13482 0.00749696 112.951
380	1	15570.2	940697	42548	21552	28448	0	0.1 StemSuffixMorphs 35203 50000 0.78481 2880.82 Stem 4680 35203 0.0730997 1160.63 PrefixMorph 1537 41923 0.0954304 210.13 SuffixMorph 536 33342 0.00474562 90.5347 SubMorph 592 13390 0.00225859 126.801
390	1	15947.6	940976	42895	21460	28540	0	0.1 StemSuffixMorphs 35490 50000 0.793368 2648.97 Stem 4687 35490 0.081979 1154.92 PrefixMorph 1550 41890 0.116707 205.735 SuffixMorph 566 33651 0.0199971 84.1924 SubMorph 602 13496 0.00429391 125.709
400	1	16318.6	942389	43137	21155	28845	0	0.1 StemSuffixMorphs 35688 50000 0.792909 2715.06 Stem 4771 35688 0.0740213 1198 PrefixMorph 1547 41709 0.123027 195.552 SuffixMorph 551 33746 0.0025257 88.5646 SubMorph 580 13536 0.0216244 104.934
410	1	16676.5	940511	42980	21348	28652	0	0.1 StemSuffixMorphs 35549 50000 0.793997 2537.73 Stem 4734 35549 0.0539394 1199.72 PrefixMorph 1520 41757 0.116667 196.473 SuffixMorph 558 33613 0.00616263 89.4981 SubMorph 619 13514 0.0047751 127.062
420	1	17048	941123	42811	21631	28369	0	0.1 StemSuffixMorphs 35455 50000 0.788424 2840.21 Stem 4657 35455 0.0753072 1164.09 PrefixMorph 1509 41844 0.114414 192.739 SuffixMorph 579 33489 0.014003 103.492 SubMorph 611 13399 0.019942 122.933
430	1	17407.7	939742	42717	21893	28107	0	0.1 StemSuffixMorphs 35357 50000 0.788771 2790.99 Stem 4665 35357 0.0478757 1217.33 PrefixMorph 1514 41744 0.150024 161.288 SuffixMorph 563 33449 0.0164202 88.3293 SubMorph 618 13368 0.00453674 132.95
440	1	17769.3	939165	42763	21940	28060	0	0.1 StemSuffixMorphs 35416 50000 0.793502 2686.37 Stem 4701 35416 0.0867934 1121.4 PrefixMorph 1491 41732 0.0984953 214.895 SuffixMorph 558 33505 0.0178663 90.2919 SubMorph 597 13385 0.00347647 119.201
450	1	18130.9	940243	42864	21731	28269	0	0.1 StemSuffixMorphs 35416 50000 0.792498 2746 Stem 4741 35416 0.0431116 1294.78 PrefixMorph 1556 41705 0.138599 183.808 SuffixMorph 555 33526 0.0128161 85.4968 SubMorph 596 13520 0.00756699 126.758
460	1	18491.6	939871	42700	21730	28270	0	0.1 StemSuffixMorphs 35352 50000 0.788058 2873.5 Stem 4700 35352 0.057456 1195.88 PrefixMorph 1484 41755 0.0894386 215.57 SuffixMorph 550 33435 0.00192916 91.6374 SubMorph 614 13407 0.0010354 132.549
470	1	18890.6	940050	42965	21896	28104	0	0.1 StemSuffixMorphs 35529 50000 0.787609 2831.95 Stem 4739 35529 0.0587332 1261.76 PrefixMorph 1508 41658 0.109352 219.057 SuffixMorph 573 33533 0.0112625 83.6505 SubMorph 616 13552 0.00100788 123.841
480	1	19260.9	938870	42732	22055	27945	0	0.1 StemSuffixMorphs 35425 50000 0.783801 2858.91 Stem 4650 35425 0.0667478 1161.78 PrefixMorph 1478 41570 0.0931608 217.262 SuffixMorph 577 33527 0.00692479 99.9716 SubMorph 602 13391 0.00225393 123.282
490	1	19617.9	938443	42702	22048	27952	1	0.1 StemSuffixMorphs 35374 50000 0.78331 3150.21 Stem 4667 35374 0.0692773 1154.86 PrefixMorph 1483 41603 0.121432 196.884 SuffixMorph 563 33420 0.024084 88.3689 SubMorph 615 13410 0.00407334 125.178
500	1	19992.5	937402	42860	21857	28143	0	0.1 StemSuffixMorphs 35538 50000 0.787697 3001.5 Stem 4683 35538 0.0549022 1209.29 PrefixMorph 1478 41645 0.107176 199.857 SuffixMorph 559 33544 0.00493471 103.031 SubMorph 602 13451 0.0003518 135.638
