# D = 1, E = 1, I = 1, P = 0, R = -1, n = 500, N = 1, P = 0, w = 1, a = 0.1, b = 1000, e = 1, f = 1, g = 10, h = 0.1, r = 1629240368, s = 1, S = 0, x = 10, m = 0, Z = 1, z = 0, T = 1, t = 1
# 703628 tokens in 50000 sentences
#
# It	Temp	Time	-logP	tables	same	changed	reject	default_pya	(parent pym pyn pya pyb)*
0	1	18.1909	3.69675e+06	558464	0	50000	0	0.1 Prefix 50000 50000 0.1 1000 Stem 50000 50000 0.1 1000 Suffix 50000 50000 0.1 1000 SuffixMorph 52183 52183 0.1 1000 SubMorph 303777 303777 0.1 1000 PrefixMorph 52504 52504 0.1 1000
10	1	1991.16	1.26685e+06	26565	1180	48820	0	0.1 Prefix 9251 50000 0.259706 1551.81 Stem 6132 50000 0.165524 1105.06 Suffix 7039 50000 0.300811 823.146 SuffixMorph 827 5958 0.155264 147.849 SubMorph 1698 13685 0.000113121 481.622 PrefixMorph 1618 9973 0.246906 254.038
20	1	2399.24	1.20983e+06	21899	1599	48401	0	0.1 Prefix 8652 50000 0.357902 922.445 Stem 4920 50000 0.115547 930.328 Suffix 6027 50000 0.319525 574.484 SuffixMorph 431 5804 0.00206704 94.8454 SubMorph 1020 10670 0.00128713 251.486 PrefixMorph 849 9435 0.102364 160.935
30	1	2762.1	1.19598e+06	20614	1586	48414	0	0.1 Prefix 8742 50000 0.413459 685.809 Stem 4543 50000 0.0332914 1075.43 Suffix 5497 50000 0.314451 546.273 SuffixMorph 346 5531 0.00774898 75.4498 SubMorph 803 9902 0.00376129 210.922 PrefixMorph 683 9731 0.0222295 149.136
40	1	3105.05	1.18191e+06	19237	1863	48137	0	0.1 Prefix 8272 50000 0.390154 697.681 Stem 4501 50000 0.0225069 1100.11 Suffix 4807 50000 0.276636 475.54 SuffixMorph 311 4851 0.0228989 72.1652 SubMorph 725 9778 0.0171508 159.172 PrefixMorph 621 9282 0.0146228 147.808
50	1	3439.46	1.17151e+06	18651	2059	47941	0	0.1 Prefix 8318 50000 0.426973 602.99 Stem 4517 50000 0.0257047 1075.14 Suffix 4271 50000 0.273484 413.108 SuffixMorph 268 4492 0.0129662 52.3935 SubMorph 696 9783 0.00276419 147.218 PrefixMorph 581 9132 0.0161538 126.532
60	1	3768.68	1.16581e+06	18009	2160	47840	1	0.1 Prefix 7917 50000 0.448653 493.112 Stem 4574 50000 0.0154816 1121.81 Suffix 4069 50000 0.229913 468.073 SuffixMorph 235 4368 0.00208974 53.9385 SubMorph 664 9786 0.0244238 143.168 PrefixMorph 550 8786 0.0143475 120.486
70	1	4092.28	1.15875e+06	17770	2302	47698	0	0.1 Prefix 7971 50000 0.44031 556.205 Stem 4547 50000 0.0515617 1037.05 Suffix 3818 50000 0.213374 435.711 SuffixMorph 233 4104 0.0197176 51.8119 SubMorph 634 9835 0.00393607 147.399 PrefixMorph 567 8799 0.0060959 119.95
80	1	4411.22	1.15424e+06	17399	2481	47519	0	0.1 Prefix 7705 50000 0.429907 474.919 Stem 4511 50000 0.029977 1055.91 Suffix 3785 50000 0.249736 374.491 SuffixMorph 236 4100 0.00564694 50.8914 SubMorph 644 9708 0.00780012 131.178 PrefixMorph 518 8646 0.0099935 111.688
90	1	4729.89	1.14746e+06	17046	2545	47455	1	0.1 Prefix 7792 50000 0.465199 413.197 Stem 4495 50000 0.02006 1092.81 Suffix 3415 50000 0.203289 416.82 SuffixMorph 227 3798 0.0206721 49.7723 SubMorph 631 9751 0.0559789 127.553 PrefixMorph 486 8790 0.0106912 108.23
100	1	5041.08	1.14231e+06	16480	2752	47248	0	0.1 Prefix 7416 50000 0.455444 419.204 Stem 4637 50000 0.0202697 1167.16 Suffix 3112 50000 0.136958 455.69 SuffixMorph 222 3527 0.0157959 48.1107 SubMorph 594 10049 0.00612458 131.878 PrefixMorph 499 8389 0.0104163 110.798
110	1	5345.43	1.1382e+06	16023	2929	47071	0	0.1 Prefix 7069 50000 0.455908 364.574 Stem 4631 50000 0.0222401 1151.71 Suffix 3064 50000 0.160881 405.923 SuffixMorph 223 3521 0.00177058 56.0437 SubMorph 579 9977 0.00561841 133.607 PrefixMorph 457 8147 0.0334228 77.8229
120	1	5652.63	1.1356e+06	16148	3030	46970	0	0.1 Prefix 7141 50000 0.45844 357.558 Stem 4639 50000 0.00404881 1227.22 Suffix 3129 50000 0.190627 377.31 SuffixMorph 212 3535 0.0363311 40.6331 SubMorph 586 9998 0.0210729 132.821 PrefixMorph 441 8221 0.00164562 97.2688
130	1	5952.56	1.12951e+06	15908	3295	46705	0	0.1 Prefix 7075 50000 0.461156 352.926 Stem 4741 50000 0.0425151 1086.5 Suffix 2850 50000 0.187571 314.277 SuffixMorph 199 3356 0.00998347 48.8688 SubMorph 584 10187 0.010258 116.916 PrefixMorph 459 8022 0.0311265 98.7664
140	1	6253.48	1.12611e+06	15798	3463	46537	0	0.1 Prefix 6929 50000 0.461415 370.434 Stem 4680 50000 0.0259513 1148.25 Suffix 2960 50000 0.209633 320.978 SuffixMorph 196 3372 0.0202334 39.5666 SubMorph 572 10086 0.00493714 126.02 PrefixMorph 461 7967 0.0339822 83.1243
150	1	6551.48	1.12204e+06	15782	3677	46323	0	0.1 Prefix 6881 50000 0.47479 293.223 Stem 4675 50000 0.029359 1147.57 Suffix 3017 50000 0.220993 321.772 SuffixMorph 194 3466 0.01879 40.455 SubMorph 560 10130 0.00199287 121.564 PrefixMorph 455 7793 0.0377663 96.1655
160	1	6854.33	1.12123e+06	15773	3652	46348	0	0.1 Prefix 6934 50000 0.482042 279.548 Stem 4745 50000 0.047758 1071.19 Suffix 2914 50000 0.196143 314.944 SuffixMorph 181 3318 0.0050036 40.0915 SubMorph 569 10247 0.00515786 125.721 PrefixMorph 430 7894 0.00779154 89.2654
170	1	7149.6	1.1181e+06	15605	3730	46270	0	0.1 Prefix 6975 50000 0.492426 289.504 Stem 4732 50000 0.0163006 1190.77 Suffix 2686 50000 0.234907 252.178 SuffixMorph 197 3151 0.0188638 40.5646 SubMorph 584 10235 0.00138933 128.919 PrefixMorph 431 7944 0.00776156 96.7517
180	1	7454.18	1.11522e+06	15506	3782	46218	0	0.1 Prefix 6874 50000 0.486099 291.273 Stem 4747 50000 0.0166459 1200.9 Suffix 2672 50000 0.186162 287.301 SuffixMorph 188 3159 0.0222147 39.6009 SubMorph 598 10221 0.0147187 129.464 PrefixMorph 427 7711 0.0379848 89.493
190	1	7756.59	1.1121e+06	15596	3983	46017	0	0.1 Prefix 6934 50000 0.492296 243.338 Stem 4779 50000 0.00913867 1227.86 Suffix 2671 50000 0.20978 271.76 SuffixMorph 191 3155 0.00125817 37.8514 SubMorph 584 10306 0.0181675 111.119 PrefixMorph 437 7845 0.0031371 100.852
200	1	8050.48	1.10949e+06	15355	3988	46012	0	0.1 Prefix 6722 50000 0.498787 240.379 Stem 4810 50000 0.0472547 1103.09 Suffix 2640 50000 0.202992 260.165 SuffixMorph 180 3075 0.029004 42.5462 SubMorph 556 10368 0.00134224 121.401 PrefixMorph 447 7756 0.00690756 105.473
210	1	8342.84	1.11025e+06	15372	4093	45907	0	0.1 Prefix 6686 50000 0.508948 239.923 Stem 4845 50000 0.0552821 1073.34 Suffix 2667 50000 0.206362 270.324 SuffixMorph 175 3119 0.0327209 34.5182 SubMorph 553 10503 0.00512689 122.035 PrefixMorph 446 7616 0.000392171 96.9958
220	1	8631.73	1.10687e+06	15366	4293	45707	1	0.1 Prefix 6661 50000 0.513543 193.589 Stem 4831 50000 0.0347091 1138.84 Suffix 2671 50000 0.225932 238.772 SuffixMorph 187 3115 0.00757891 37.1535 SubMorph 564 10489 0.012785 114.179 PrefixMorph 452 7645 0.00831721 101.228
230	1	8921.23	1.10421e+06	15199	4434	45566	0	0.1 Prefix 6628 50000 0.497655 266.478 Stem 4841 50000 0.052218 1086.16 Suffix 2548 50000 0.220035 250.439 SuffixMorph 183 3029 0.00226516 38.2958 SubMorph 552 10513 0.0243245 110.251 PrefixMorph 447 7564 0.00546338 104.824
240	1	9210.88	1.09952e+06	15179	4798	45202	0	0.1 Prefix 6753 50000 0.52039 180.994 Stem 4808 50000 0.0349928 1135.46 Suffix 2497 50000 0.189769 281.289 SuffixMorph 167 2979 0.00881624 39.1529 SubMorph 538 10432 0.0104168 109.238 PrefixMorph 416 7752 0.00087182 93.7705
250	1	9495.59	1.09936e+06	14855	4855	45145	0	0.1 Prefix 6372 50000 0.516173 187.001 Stem 4984 50000 0.0588401 1119.86 Suffix 2372 50000 0.193519 260.127 SuffixMorph 165 2866 0.0179205 36.0529 SubMorph 559 10597 0.0254898 120.137 PrefixMorph 403 7512 0.00642534 89.1354
260	1	9785.86	1.09859e+06	14812	4736	45264	0	0.1 Prefix 6429 50000 0.501025 227.482 Stem 4978 50000 0.0638084 1116.61 Suffix 2279 50000 0.177235 256.742 SuffixMorph 163 2763 0.0345293 30.7211 SubMorph 555 10611 0.0136047 113.393 PrefixMorph 408 7496 0.00900267 90.2638
270	1	10076.2	1.10061e+06	15127	4644	45356	1	0.1 Prefix 6575 50000 0.498016 223.673 Stem 5011 50000 0.0472621 1202.76 Suffix 2397 50000 0.223472 225.368 SuffixMorph 171 2914 0.00798669 36.512 SubMorph 557 10771 0.0033263 115.292 PrefixMorph 416 7654 0.0116066 91.2909
280	1	10361.8	1.10009e+06	14976	4650	45350	0	0.1 Prefix 6434 50000 0.516753 161.475 Stem 5011 50000 0.0543701 1128.75 Suffix 2390 50000 0.23459 208.426 SuffixMorph 176 2885 0.0298841 34.425 SubMorph 553 10767 0.00373621 115.57 PrefixMorph 412 7500 0.00697835 90.3673
290	1	10651.6	1.09551e+06	14726	5004	44996	1	0.1 Prefix 6255 50000 0.497769 213.058 Stem 5011 50000 0.0684608 1125.18 Suffix 2323 50000 0.20396 249.856 SuffixMorph 172 2816 0.0196 47.0169 SubMorph 554 10763 0.0051874 110.094 PrefixMorph 411 7313 0.0242082 84.1289
300	1	10941.6	1.09689e+06	14656	4953	45047	1	0.1 Prefix 6174 50000 0.490098 198.413 Stem 5015 50000 0.0640546 1109.81 Suffix 2349 50000 0.201231 242.15 SuffixMorph 176 2867 0.000555296 35.3829 SubMorph 529 10850 0.00393834 106.462 PrefixMorph 413 7078 0.0331636 86.8518
310	1	11236.2	1.09995e+06	14591	4701	45299	0	0.1 Prefix 6115 50000 0.500581 186.803 Stem 4979 50000 0.0840736 1038.36 Suffix 2381 50000 0.203934 242.333 SuffixMorph 171 2876 0.00273841 40.6661 SubMorph 532 10833 0.0115149 108.022 PrefixMorph 413 7061 0.00408073 86.5738
320	1	11518.7	1.0961e+06	14862	4963	45037	0	0.1 Prefix 6205 50000 0.502739 208.125 Stem 5080 50000 0.0871959 1059.43 Suffix 2427 50000 0.236486 203.926 SuffixMorph 172 2936 0.0201323 33.2833 SubMorph 564 10989 0.00499653 115.184 PrefixMorph 414 7066 0.0139908 86.9415
330	1	11796.9	1.09663e+06	14592	5008	44992	0	0.1 Prefix 5954 50000 0.502377 169.773 Stem 5051 50000 0.0735753 1137.39 Suffix 2479 50000 0.226207 248.645 SuffixMorph 169 3001 0.0233352 36.8165 SubMorph 562 10817 0.00319733 110.82 PrefixMorph 377 7048 0.0153877 80.4428
340	1	12072.4	1.09296e+06	14133	4995	45005	0	0.1 Prefix 5813 50000 0.473046 208.11 Stem 4941 50000 0.0516824 1140.42 Suffix 2278 50000 0.182337 251.531 SuffixMorph 160 2799 0.0118452 31.1643 SubMorph 562 10654 0.00599185 135.953 PrefixMorph 379 6860 0.0253102 73.2551
350	1	12349.5	1.09576e+06	14881	4911	45089	0	0.1 Prefix 6194 50000 0.492057 202.47 Stem 5116 50000 0.0836841 1104.78 Suffix 2425 50000 0.212514 234.279 SuffixMorph 156 2897 0.0209422 29.5178 SubMorph 572 10931 0.02689 113.978 PrefixMorph 418 7089 0.0393151 75.9
360	1	12632.1	1.09397e+06	14679	5167	44833	0	0.1 Prefix 6181 50000 0.512014 133.43 Stem 5007 50000 0.0606227 1193.42 Suffix 2366 50000 0.221552 218.133 SuffixMorph 153 2910 0.0351092 32.5179 SubMorph 545 10845 0.00582539 114.958 PrefixMorph 427 7118 0.00482928 104.942
370	1	12909	1.09116e+06	14503	5453	44547	0	0.1 Prefix 5965 50000 0.504579 164.61 Stem 5060 50000 0.0277628 1261.4 Suffix 2345 50000 0.206979 227.496 SuffixMorph 153 2861 0.00736859 33.3043 SubMorph 558 10945 0.0131741 117.206 PrefixMorph 422 6868 0.0120237 91.0004
380	1	13183.5	1.08698e+06	14363	5620	44380	1	0.1 Prefix 5886 50000 0.504819 170.397 Stem 5055 50000 0.0464367 1223.25 Suffix 2316 50000 0.203606 220.033 SuffixMorph 151 2810 0.0501247 35.3519 SubMorph 542 10911 0.00524805 129.495 PrefixMorph 413 6844 0.018593 90.8269
390	1	13457.6	1.08908e+06	14397	5502	44498	0	0.1 Prefix 5907 50000 0.500064 166.479 Stem 5136 50000 0.0756108 1144 Suffix 2260 50000 0.218313 210.996 SuffixMorph 144 2798 0.0131528 32.6436 SubMorph 543 11129 0.00361169 107.189 PrefixMorph 407 6960 0.0107802 86.9121
400	1	13730.7	1.08968e+06	14319	5669	44331	0	0.1 Prefix 5711 50000 0.484737 176.538 Stem 5195 50000 0.0814913 1111.11 Suffix 2314 50000 0.200112 232.698 SuffixMorph 155 2835 0.00310868 26.6679 SubMorph 532 11264 0.00359013 113.92 PrefixMorph 412 6740 0.017294 87.9113
410	1	14006.7	1.09018e+06	14547	5534	44466	1	0.1 Prefix 6066 50000 0.490563 212.037 Stem 5113 50000 0.0894223 1081.94 Suffix 2251 50000 0.212723 215.37 SuffixMorph 158 2767 0.0405699 29.2252 SubMorph 545 11085 0.0111977 112.888 PrefixMorph 414 7033 0.0392224 86.1064
420	1	14288	1.0886e+06	14697	5457	44543	0	0.1 Prefix 6271 50000 0.51234 192.914 Stem 5115 50000 0.0734675 1110.34 Suffix 2210 50000 0.195749 220.677 SuffixMorph 143 2734 0.00357207 31.1405 SubMorph 559 11030 0.00856313 112.518 PrefixMorph 399 7267 0.0216588 81.5367
430	1	14579	1.08845e+06	14727	5471	44529	0	0.1 Prefix 6159 50000 0.501502 219.282 Stem 5133 50000 0.063827 1157.69 Suffix 2338 50000 0.213858 228.224 SuffixMorph 142 2844 0.00908781 30.0288 SubMorph 542 11078 0.0114881 113.019 PrefixMorph 413 7076 0.0143621 88.5484
440	1	14856.4	1.08803e+06	14758	5644	44356	0	0.1 Prefix 6126 50000 0.515039 162.213 Stem 5157 50000 0.0678811 1140.15 Suffix 2383 50000 0.228195 228.65 SuffixMorph 142 2915 0.107949 20.3208 SubMorph 548 11120 0.00581919 114.087 PrefixMorph 402 7024 0.0501723 76.2896
450	1	15135.5	1.08673e+06	14680	5820	44180	0	0.1 Prefix 6150 50000 0.499723 197.868 Stem 5171 50000 0.057327 1216.54 Suffix 2273 50000 0.235115 189.924 SuffixMorph 145 2801 0.011938 26.5031 SubMorph 557 11073 0.0136859 119.503 PrefixMorph 384 7068 0.00268283 81.4839
460	1	15415	1.08387e+06	14877	5776	44224	0	0.1 Prefix 6233 50000 0.513147 173.972 Stem 5254 50000 0.0592383 1182.54 Suffix 2314 50000 0.230018 214.189 SuffixMorph 145 2824 0.0157447 30.4411 SubMorph 559 11212 0.00720846 120.407 PrefixMorph 372 7073 0.000261914 86.0338
470	1	15694.6	1.08323e+06	14657	6109	43891	0	0.1 Prefix 6147 50000 0.511842 196.036 Stem 5181 50000 0.058731 1186.94 Suffix 2187 50000 0.209934 204.2 SuffixMorph 147 2703 0.0259938 27.4459 SubMorph 589 11141 0.013277 125.925 PrefixMorph 406 6947 0.0656537 74.8264
480	1	15978.6	1.08697e+06	14783	5794	44206	0	0.1 Prefix 6211 50000 0.506531 194.828 Stem 5211 50000 0.0862496 1124.96 Suffix 2286 50000 0.195733 228.594 SuffixMorph 140 2816 0.00316372 27.2473 SubMorph 547 11221 0.0155874 116.323 PrefixMorph 388 6886 0.00585038 78.8677
490	1	16264.1	1.08703e+06	14886	5680	44320	1	0.1 Prefix 6285 50000 0.509003 172.114 Stem 5174 50000 0.0579196 1191.18 Suffix 2327 50000 0.24232 191.106 SuffixMorph 144 2820 0.0191967 32.9377 SubMorph 571 11109 0.00157799 125.903 PrefixMorph 385 6985 0.00345565 86.9522
500	1	16546.1	1.08591e+06	14612	5780	44220	1	0.1 Prefix 6210 50000 0.49455 192.493 Stem 5218 50000 0.0828201 1169.04 Suffix 2100 50000 0.181735 219.454 SuffixMorph 146 2638 0.00721686 34.8613 SubMorph 548 11285 0.0061957 117.663 PrefixMorph 390 6920 0.0215765 76.0525
