# D = 1, E = 1, I = 1, P = 0, R = -1, n = 500, N = 1, P = 0, w = 1, a = 0.1, b = 1000, e = 1, f = 1, g = 10, h = 0.1, r = 1630045760, s = 1, S = 0, x = 10, m = 0, Z = 1, z = 0, T = 1, t = 1
# 703628 tokens in 50000 sentences
#
# It	Temp	Time	-logP	tables	same	changed	reject	default_pya	(parent pym pyn pya pyb)*
0	1	18.2234	2.69413e+06	436365	0	50000	0	0.1 PrefixMorph 49480 49480 0.1 1000 Stem 50000 50000 0.1 1000 Suffix 50000 50000 0.1 1000 Prefix 50000 50000 0.1 1000 SubMorph 156343 156343 0.1 1000 SuffixMorph 80542 80542 0.1 1000
10	1	1093.11	1.3108e+06	30325	771	49229	0	0.1 PrefixMorph 2416 9379 0.313311 427.713 Stem 8547 50000 0.0967515 2311.41 Suffix 6888 50000 0.209137 1091.96 Prefix 9021 50000 0.251482 1521.49 SubMorph 1565 15383 0.000635199 418.399 SuffixMorph 1888 7467 0.409882 235.991
20	1	1466.06	1.25722e+06	23562	1054	48946	0	0.1 PrefixMorph 1628 7905 0.342569 198.555 Stem 7385 50000 0.104804 1669.96 Suffix 5160 50000 0.175078 815.31 Prefix 7206 50000 0.260939 1040.02 SubMorph 1127 13873 0.00155472 279.678 SuffixMorph 1056 5585 0.358437 132.54
30	1	1791.15	1.22135e+06	19727	1433	48567	0	0.1 PrefixMorph 1065 6780 0.290409 154.887 Stem 6900 50000 0.106859 1616 Suffix 4099 50000 0.136935 679.52 Prefix 6041 50000 0.242496 833.363 SubMorph 934 13361 5.78839e-05 230.572 SuffixMorph 688 4453 0.214147 118.866
40	1	2095.05	1.1975e+06	17790	1784	48216	0	0.1 PrefixMorph 836 6191 0.227303 114.592 Stem 6701 50000 0.111157 1507.14 Suffix 3546 50000 0.0949643 636.846 Prefix 5291 50000 0.28297 568.591 SubMorph 878 13211 0.0115569 195.54 SuffixMorph 538 3836 0.227212 101.384
50	1	2386.95	1.18435e+06	17275	2032	47968	0	0.1 PrefixMorph 765 6029 0.103039 163.318 Stem 6659 50000 0.126652 1433.64 Suffix 3395 50000 0.122263 567.752 Prefix 5134 50000 0.308565 484.202 SubMorph 830 13193 0.00294876 170.285 SuffixMorph 492 3729 0.105989 110.611
60	1	2669.53	1.16862e+06	16173	2240	47760	0	0.1 PrefixMorph 640 5742 0.0205697 171.469 Stem 6522 50000 0.106338 1411.75 Suffix 3135 50000 0.15932 424.401 Prefix 4651 50000 0.329809 340.483 SubMorph 776 13048 0.00202111 170.022 SuffixMorph 449 3504 0.161119 91.6902
70	1	2944.3	1.16445e+06	15964	2436	47564	0	0.1 PrefixMorph 686 5544 0.0478208 182.247 Stem 6503 50000 0.126291 1366.61 Suffix 3157 50000 0.154392 404.578 Prefix 4441 50000 0.295794 426.887 SubMorph 768 13071 0.0203817 161.278 SuffixMorph 409 3526 0.18 63.1248
80	1	3214.91	1.15476e+06	15384	2735	47265	0	0.1 PrefixMorph 660 5342 0.0475397 159.587 Stem 6508 50000 0.128238 1376.99 Suffix 2886 50000 0.105053 475.064 Prefix 4236 50000 0.32455 320.366 SubMorph 754 13030 0.00227593 185.132 SuffixMorph 340 3298 0.0154868 92.7785
90	1	3480.01	1.14837e+06	14950	2746	47254	0	0.1 PrefixMorph 562 5263 0.0463736 140.139 Stem 6501 50000 0.10122 1480.79 Suffix 2753 50000 0.144993 381.248 Prefix 4070 50000 0.335807 272.775 SubMorph 722 13043 0.0028415 156.783 SuffixMorph 342 3194 0.0216752 84.7386
100	1	3742.32	1.13957e+06	14855	3004	46996	0	0.1 PrefixMorph 526 5444 0.0513352 123.155 Stem 6288 50000 0.110627 1416.82 Suffix 2681 50000 0.170729 310.606 Prefix 4280 50000 0.390383 239.303 SubMorph 727 12732 0.0193305 159.846 SuffixMorph 353 3149 0.16701 58.044
110	1	4005.45	1.13652e+06	14723	3116	46884	0	0.1 PrefixMorph 584 5214 0.0254102 156.32 Stem 6313 50000 0.1018 1410.99 Suffix 2665 50000 0.15369 349.236 Prefix 4124 50000 0.349724 238.322 SubMorph 719 12841 0.00867233 151.486 SuffixMorph 318 3101 0.0313827 87.7361
120	1	4267.98	1.13184e+06	14656	3324	46676	0	0.1 PrefixMorph 546 5287 0.0593776 123.149 Stem 6235 50000 0.106327 1356.21 Suffix 2702 50000 0.176824 332.516 Prefix 4132 50000 0.377545 227.071 SubMorph 701 12757 0.00111148 150.964 SuffixMorph 340 3164 0.0719586 71.5842
130	1	4528.45	1.12764e+06	14667	3421	46579	0	0.1 PrefixMorph 498 5509 0.0254705 125.688 Stem 6333 50000 0.104354 1425.58 Suffix 2487 50000 0.180912 257.186 Prefix 4327 50000 0.40324 201.244 SubMorph 688 12899 0.0203603 130.923 SuffixMorph 334 3015 0.0387473 81.5906
140	1	4789.97	1.12462e+06	14543	3599	46401	1	0.1 PrefixMorph 496 5444 0.0292535 119.713 Stem 6352 50000 0.165542 1132.07 Suffix 2411 50000 0.17821 277.143 Prefix 4328 50000 0.397861 206.625 SubMorph 669 12890 0.00627648 144.003 SuffixMorph 287 2881 0.0597172 67.4641
150	1	5052.75	1.11883e+06	14467	3832	46168	0	0.1 PrefixMorph 510 5570 0.00845506 129.246 Stem 6270 50000 0.126648 1322.52 Suffix 2315 50000 0.143693 300.106 Prefix 4436 50000 0.425779 180.023 SubMorph 680 12873 0.0101591 153.599 SuffixMorph 256 2782 0.124569 47.5842
160	1	5312.72	1.11629e+06	14486	4052	45948	0	0.1 PrefixMorph 519 5472 0.0871254 105.271 Stem 6217 50000 0.132771 1309.05 Suffix 2349 50000 0.175547 244.111 Prefix 4477 50000 0.408329 218.065 SubMorph 662 12828 0.00390424 147.475 SuffixMorph 262 2787 0.0584965 58.1362
170	1	5575.54	1.11563e+06	14330	4152	45848	0	0.1 PrefixMorph 506 5418 0.0291183 118.46 Stem 6257 50000 0.141041 1229.24 Suffix 2315 50000 0.135158 302.513 Prefix 4308 50000 0.410076 183.479 SubMorph 698 12871 1.76902e-05 148.5 SuffixMorph 246 2752 0.00327887 56.1317
180	1	5833.78	1.11095e+06	13964	4515	45485	0	0.1 PrefixMorph 541 5178 0.0705677 125.499 Stem 6240 50000 0.128405 1290.15 Suffix 2219 50000 0.153181 274.75 Prefix 4064 50000 0.372744 234.67 SubMorph 660 12823 0.00138077 132.466 SuffixMorph 240 2641 0.0231643 60.6492
190	1	6093.06	1.1074e+06	14127	4559	45441	0	0.1 PrefixMorph 529 5362 0.00579931 144.459 Stem 6204 50000 0.11454 1288.71 Suffix 2114 50000 0.136035 270.18 Prefix 4349 50000 0.428862 156.721 SubMorph 659 12765 0.00741393 139.457 SuffixMorph 272 2574 0.0795304 60.5164
200	1	6353.3	1.10116e+06	13994	4811	45189	0	0.1 PrefixMorph 486 5579 0.0329187 127.331 Stem 6129 50000 0.0953983 1367.04 Suffix 1995 50000 0.1349 241.361 Prefix 4447 50000 0.445685 162.402 SubMorph 670 12658 0.00763367 136.985 SuffixMorph 267 2431 0.0979801 61.0523
210	1	6610.12	1.10175e+06	14011	4920	45080	1	0.1 PrefixMorph 515 5321 0.0252329 122.76 Stem 6218 50000 0.128117 1255.22 Suffix 2122 50000 0.196507 201.899 Prefix 4253 50000 0.444305 138.005 SubMorph 649 12793 0.001382 139.293 SuffixMorph 254 2587 0.0225561 61.0402
220	1	6865.62	1.10138e+06	13936	4975	45025	1	0.1 PrefixMorph 533 5331 0.0483236 126.217 Stem 6163 50000 0.126062 1298.32 Suffix 2118 50000 0.195921 218.503 Prefix 4218 50000 0.40757 203.298 SubMorph 674 12677 0.0158796 146.289 SuffixMorph 230 2584 0.018327 63.2354
230	1	7121.52	1.10009e+06	14009	4868	45132	1	0.1 PrefixMorph 496 5418 0.0259074 112.448 Stem 6198 50000 0.116195 1311.94 Suffix 2134 50000 0.175566 233.376 Prefix 4263 50000 0.426074 150.827 SubMorph 655 12774 0.0311913 125.529 SuffixMorph 263 2566 0.0208741 70.5904
240	1	7375.97	1.09889e+06	13984	4832	45168	0	0.1 PrefixMorph 484 5324 0.0120996 122.385 Stem 6127 50000 0.123913 1257.32 Suffix 2258 50000 0.215277 210.127 Prefix 4186 50000 0.411038 198.086 SubMorph 663 12717 0.000920353 147.319 SuffixMorph 266 2661 0.0758978 61.3559
250	1	7629.14	1.09752e+06	13815	4950	45050	0	0.1 PrefixMorph 434 5294 0.00499277 113.145 Stem 6211 50000 0.108258 1389.77 Suffix 2237 50000 0.25348 188.775 Prefix 4008 50000 0.391966 200.132 SubMorph 656 12764 0.0190924 132.023 SuffixMorph 269 2655 0.00038566 69.6289
260	1	7882.95	1.09854e+06	14002	4847	45153	0	0.1 PrefixMorph 549 5323 0.0764834 124.623 Stem 6158 50000 0.0990907 1340.32 Suffix 2271 50000 0.22883 185.846 Prefix 4091 50000 0.438528 135.049 SubMorph 678 12762 0.00431037 155.758 SuffixMorph 255 2676 0.00604427 67.8168
270	1	8148.03	1.09587e+06	13875	5115	44885	0	0.1 PrefixMorph 526 5340 0.0135952 131.368 Stem 6184 50000 0.103519 1379.96 Suffix 2211 50000 0.230825 193.678 Prefix 4056 50000 0.442376 134.653 SubMorph 636 12821 0.000941569 133.279 SuffixMorph 262 2653 0.0330337 72.0192
280	1	8402.3	1.09713e+06	13764	5153	44847	1	0.1 PrefixMorph 504 5050 0.0604168 113.665 Stem 6191 50000 0.149243 1197.95 Suffix 2212 50000 0.203672 205.248 Prefix 3954 50000 0.414908 155.49 SubMorph 648 12893 0.0103534 141.533 SuffixMorph 255 2635 0.0368868 50.2032
290	1	8658.65	1.09619e+06	13970	5278	44722	0	0.1 PrefixMorph 512 5298 0.082055 108.731 Stem 6115 50000 0.117125 1271.08 Suffix 2280 50000 0.237728 198.131 Prefix 4196 50000 0.44961 151.139 SubMorph 629 12721 0.00921005 125.583 SuffixMorph 238 2671 0.151123 38.9865
300	1	8914.61	1.09345e+06	14020	5420	44580	0	0.1 PrefixMorph 543 5239 0.0251708 155.945 Stem 6205 50000 0.138092 1162.06 Suffix 2307 50000 0.213757 213.263 Prefix 4086 50000 0.431366 152.137 SubMorph 633 12861 0.0050101 131.893 SuffixMorph 246 2725 0.0720492 50.4297
310	1	9169.38	1.09272e+06	14017	5265	44735	0	0.1 PrefixMorph 551 5509 0.0160623 140.372 Stem 6133 50000 0.118535 1302.63 Suffix 2135 50000 0.176347 216.887 Prefix 4294 50000 0.476012 102.389 SubMorph 644 12732 0.00936592 123.095 SuffixMorph 260 2601 0.162179 43.042
320	1	9421.74	1.08965e+06	14025	5484	44516	0	0.1 PrefixMorph 542 5418 0.00545296 146.093 Stem 6195 50000 0.116443 1302.58 Suffix 2240 50000 0.198068 246.724 Prefix 4180 50000 0.455197 108.312 SubMorph 649 12730 0.00713382 129.941 SuffixMorph 219 2667 0.013103 57.8137
330	1	9675.26	1.08663e+06	13642	5679	44321	0	0.1 PrefixMorph 530 5073 0.0159873 139.964 Stem 6197 50000 0.140609 1203.67 Suffix 2058 50000 0.144818 251.176 Prefix 3927 50000 0.445722 158.589 SubMorph 649 12826 0.00384764 145.503 SuffixMorph 281 2495 0.106033 58.8336
340	1	9927.78	1.08798e+06	13617	5760	44240	2	0.1 PrefixMorph 591 5300 0.0288418 139.65 Stem 6130 50000 0.106084 1345.75 Suffix 1943 50000 0.131187 243.856 Prefix 4070 50000 0.458301 121.969 SubMorph 630 12741 9.89498e-05 128.254 SuffixMorph 253 2401 0.0352424 61.5697
350	1	10178	1.08575e+06	13765	5661	44339	0	0.1 PrefixMorph 529 5394 0.0317969 127.542 Stem 6039 50000 0.126215 1223.67 Suffix 2091 50000 0.208462 203.761 Prefix 4170 50000 0.445436 149.326 SubMorph 651 12658 0.000748764 127.197 SuffixMorph 285 2576 0.0765053 60.1804
360	1	10428.6	1.08396e+06	13856	5673	44327	0	0.1 PrefixMorph 619 5346 0.0593314 146.673 Stem 6111 50000 0.129834 1259.65 Suffix 2044 50000 0.17404 224.15 Prefix 4147 50000 0.465311 103.69 SubMorph 654 12712 0.00115886 137.008 SuffixMorph 281 2470 0.0716103 69.3157
370	1	10681	1.0838e+06	14004	5589	44411	1	0.1 PrefixMorph 601 5473 0.0107032 165.934 Stem 6146 50000 0.132156 1216.04 Suffix 2142 50000 0.189566 214.421 Prefix 4266 50000 0.463097 122.891 SubMorph 619 12774 0.00428661 132.769 SuffixMorph 230 2588 0.0497596 49.4349
380	1	10933.7	1.08213e+06	13968	5738	44262	1	0.1 PrefixMorph 580 5460 0.0169456 146.332 Stem 6106 50000 0.122286 1243.38 Suffix 2112 50000 0.266956 141.42 Prefix 4270 50000 0.48134 92.5577 SubMorph 644 12730 0.00321463 128.737 SuffixMorph 256 2568 0.0443151 54.151
390	1	11185.7	1.08125e+06	13768	5705	44295	0	0.1 PrefixMorph 522 5446 0.031179 120.152 Stem 6036 50000 0.130477 1196.41 Suffix 2111 50000 0.224756 181.765 Prefix 4212 50000 0.472805 110.313 SubMorph 657 12611 0.0117421 127.638 SuffixMorph 230 2609 0.00476809 51.7177
400	1	11435.4	1.07948e+06	13622	5748	44252	0	0.1 PrefixMorph 516 5464 0.019351 135.223 Stem 6012 50000 0.132739 1152.16 Suffix 2044 50000 0.214848 190.049 Prefix 4172 50000 0.483646 110.798 SubMorph 653 12558 0.00437361 137.775 SuffixMorph 225 2546 0.0125087 58.3611
410	1	11684.8	1.08081e+06	13667	5758	44242	0	0.1 PrefixMorph 492 5606 0.0027075 132.32 Stem 5953 50000 0.102299 1320.51 Suffix 2001 50000 0.224435 182.574 Prefix 4326 50000 0.486246 105.756 SubMorph 651 12444 0.00320757 139.197 SuffixMorph 244 2482 0.0547378 51.0202
420	1	11937.7	1.08167e+06	13876	5712	44288	0	0.1 PrefixMorph 520 5612 0.0195152 154.104 Stem 5910 50000 0.062333 1395.42 Suffix 2066 50000 0.220579 159.919 Prefix 4472 50000 0.498917 97.4089 SubMorph 647 12415 0.00264803 143.733 SuffixMorph 261 2522 0.00690751 69.2996
430	1	12190.1	1.08134e+06	13741	5562	44438	0	0.1 PrefixMorph 525 5582 0.0370688 128.327 Stem 5960 50000 0.0933968 1285.03 Suffix 2007 50000 0.220846 170.265 Prefix 4327 50000 0.482575 124.468 SubMorph 647 12486 0.0184214 126.881 SuffixMorph 275 2457 0.126351 58.0382
440	1	12441.5	1.08314e+06	13825	5524	44476	0	0.1 PrefixMorph 528 5314 0.013949 143.648 Stem 6079 50000 0.116992 1296.55 Suffix 2149 50000 0.214036 190.671 Prefix 4150 50000 0.468354 97.9824 SubMorph 639 12650 0.0174763 131.519 SuffixMorph 280 2619 0.0215743 67.1587
450	1	12699	1.08645e+06	13984	5472	44528	0	0.1 PrefixMorph 509 5470 0.0137725 140.362 Stem 6094 50000 0.126189 1217.07 Suffix 2128 50000 0.183352 238.431 Prefix 4355 50000 0.47639 123.475 SubMorph 643 12686 0.0154758 132.552 SuffixMorph 255 2628 0.0723411 55.3393
460	1	12952.6	1.08476e+06	14023	5750	44250	0	0.1 PrefixMorph 571 5478 0.0474721 135.581 Stem 5996 50000 0.130281 1195.89 Suffix 2233 50000 0.237946 191.849 Prefix 4340 50000 0.473044 119.039 SubMorph 627 12610 0.00381443 132.18 SuffixMorph 256 2696 0.0658923 57.7489
470	1	13207.8	1.08673e+06	13907	5621	44379	0	0.1 PrefixMorph 541 5446 0.00195319 145.861 Stem 5992 50000 0.102932 1271.65 Suffix 2152 50000 0.200031 229.587 Prefix 4361 50000 0.466227 144.901 SubMorph 620 12549 0.0144559 130.133 SuffixMorph 241 2662 0.0115764 63.246
480	1	13463.7	1.08411e+06	14087	5642	44358	0	0.1 PrefixMorph 531 5721 0.0131594 130.403 Stem 5944 50000 0.111892 1265.54 Suffix 2104 50000 0.217423 187.264 Prefix 4655 50000 0.501632 106.443 SubMorph 637 12434 0.0102061 153.116 SuffixMorph 216 2615 0.0651319 37.4752
490	1	13717.9	1.08264e+06	14008	5684	44316	0	0.1 PrefixMorph 568 5579 0.042848 134.895 Stem 5996 50000 0.122802 1241.14 Suffix 2169 50000 0.233299 195.897 Prefix 4406 50000 0.491337 104.273 SubMorph 645 12589 0.00388372 133.863 SuffixMorph 224 2653 0.0713941 46.0964
500	1	13970.5	1.08283e+06	14085	5540	44460	0	0.1 PrefixMorph 488 5715 0.00810676 120.446 Stem 5992 50000 0.134365 1220.42 Suffix 2113 50000 0.222399 188.164 Prefix 4635 50000 0.522318 88.4895 SubMorph 623 12537 0.00669174 129.358 SuffixMorph 234 2616 0.0909421 51.5872
