# D = 1, E = 1, I = 1, P = 0, R = -1, n = 500, N = 1, P = 0, w = 1, a = 0.1, b = 1000, e = 1, f = 1, g = 10, h = 0.1, r = 1630045781, s = 1, S = 0, x = 10, m = 0, Z = 1, z = 0, T = 1, t = 1
# 703628 tokens in 50000 sentences
#
# It	Temp	Time	-logP	tables	same	changed	reject	default_pya	(parent pym pyn pya pyb)*
0	1	18.3735	2.69494e+06	436779	0	50000	0	0.1 PrefixMorph 49639 49639 0.1 1000 Stem 50000 50000 0.1 1000 Suffix 50000 50000 0.1 1000 Prefix 50000 50000 0.1 1000 SubMorph 156748 156748 0.1 1000 SuffixMorph 80392 80392 0.1 1000
10	1	1086.04	1.31129e+06	29942	697	49303	0	0.1 PrefixMorph 2210 9007 0.309874 396.65 Stem 8653 50000 0.112971 2266.22 Suffix 6955 50000 0.194088 1229.56 Prefix 8599 50000 0.245111 1365.77 SubMorph 1534 15496 0.00310845 408.412 SuffixMorph 1991 7623 0.445035 217.725
20	1	1451.76	1.25297e+06	23685	1068	48932	0	0.1 PrefixMorph 1399 7459 0.259238 238.899 Stem 7548 50000 0.118471 1770.74 Suffix 5269 50000 0.192179 788.849 Prefix 7046 50000 0.269088 938.02 SubMorph 1115 14063 0.00227938 277.531 SuffixMorph 1308 5622 0.433315 121.401
30	1	1774.6	1.22469e+06	20258	1335	48665	0	0.1 PrefixMorph 1092 6892 0.25924 163.88 Stem 7084 50000 0.113787 1604.44 Suffix 4202 50000 0.142379 676.271 Prefix 6221 50000 0.2605 857.12 SubMorph 930 13693 0.0272856 199.07 SuffixMorph 729 4617 0.237543 123.953
40	1	2075.43	1.20171e+06	18116	1576	48424	0	0.1 PrefixMorph 826 6200 0.0463027 234.511 Stem 6897 50000 0.109062 1568.47 Suffix 3619 50000 0.0887228 674.058 Prefix 5401 50000 0.276021 576.308 SubMorph 823 13435 0.00100494 191.512 SuffixMorph 550 3995 0.138865 100.427
50	1	2362.78	1.18427e+06	17097	1882	48118	1	0.1 PrefixMorph 732 6124 0.0341112 182.977 Stem 6667 50000 0.124228 1456.84 Suffix 3104 50000 0.0635543 604.439 Prefix 5306 50000 0.328911 457.296 SubMorph 785 13162 0.00791802 168.34 SuffixMorph 503 3568 0.109186 122.807
60	1	2642.85	1.16949e+06	16429	2067	47933	0	0.1 PrefixMorph 675 5881 0.00730608 187.184 Stem 6718 50000 0.105159 1514.73 Suffix 2786 50000 0.0920242 473.605 Prefix 5030 50000 0.367687 324.173 SubMorph 754 13283 0.000425485 161.106 SuffixMorph 466 3242 0.0559982 117.807
70	1	2916.12	1.15984e+06	15687	2374	47626	0	0.1 PrefixMorph 658 5630 0.00192608 184.728 Stem 6529 50000 0.102315 1478.66 Suffix 2668 50000 0.0575853 486.872 Prefix 4730 50000 0.368595 283.452 SubMorph 729 13056 0.00354248 145.661 SuffixMorph 373 3134 0.113236 81.8687
80	1	3187.34	1.15076e+06	15473	2628	47372	1	0.1 PrefixMorph 644 5674 0.0234901 179.807 Stem 6567 50000 0.129959 1401.13 Suffix 2514 50000 0.0990873 415.891 Prefix 4707 50000 0.368196 277.202 SubMorph 717 13184 0.00816282 156.725 SuffixMorph 324 2965 0.00128104 97.0961
90	1	3457.21	1.14138e+06	15096	2921	47079	0	0.1 PrefixMorph 548 5473 0.0340171 144.35 Stem 6469 50000 0.132318 1331.46 Suffix 2566 50000 0.122694 383.069 Prefix 4512 50000 0.386355 230.316 SubMorph 705 13014 0.00506574 154.026 SuffixMorph 296 2923 0.0329469 72.7343
100	1	3721.93	1.13152e+06	14778	3171	46829	0	0.1 PrefixMorph 544 5296 0.0304076 128.81 Stem 6341 50000 0.1054 1406.01 Suffix 2487 50000 0.117635 346.142 Prefix 4368 50000 0.400028 211.46 SubMorph 704 12927 0.00332597 159.93 SuffixMorph 334 2942 0.0831584 76.9003
110	1	3986.02	1.12676e+06	14748	3430	46570	0	0.1 PrefixMorph 486 5543 0.0164812 116.71 Stem 6397 50000 0.132516 1299.96 Suffix 2283 50000 0.156637 278.632 Prefix 4580 50000 0.409116 230.583 SubMorph 696 13002 0.0283858 142.4 SuffixMorph 306 2749 0.0651992 74.2857
120	1	4249.85	1.1229e+06	14720	3700	46300	0	0.1 PrefixMorph 530 5532 0.0194656 117.31 Stem 6366 50000 0.124648 1343.19 Suffix 2275 50000 0.149222 290.969 Prefix 4569 50000 0.419864 177.67 SubMorph 675 12880 0.0100863 146.07 SuffixMorph 305 2793 0.0240885 78.1837
130	1	4511.81	1.1189e+06	14756	3734	46266	0	0.1 PrefixMorph 555 5545 0.0127081 138.174 Stem 6336 50000 0.0999985 1461.46 Suffix 2317 50000 0.175344 261.838 Prefix 4583 50000 0.443532 142.078 SubMorph 691 12882 0.000347864 148.476 SuffixMorph 274 2829 0.00691372 70.6091
140	1	4778.84	1.11412e+06	14622	3993	46007	0	0.1 PrefixMorph 547 5510 0.0250555 144.167 Stem 6331 50000 0.119002 1337.45 Suffix 2230 50000 0.136271 293.436 Prefix 4539 50000 0.455571 143.188 SubMorph 667 12893 0.00302423 145.222 SuffixMorph 308 2763 0.0593536 73.3441
150	1	5039.44	1.11199e+06	14607	4003	45997	0	0.1 PrefixMorph 542 5364 0.0807397 130.209 Stem 6321 50000 0.0931193 1435.64 Suffix 2304 50000 0.185718 247.896 Prefix 4401 50000 0.417729 200.661 SubMorph 684 12805 0.00128512 150.039 SuffixMorph 355 2813 0.124891 77.5596
160	1	5300.74	1.10831e+06	14473	4054	45946	0	0.1 PrefixMorph 528 5464 0.0229744 121.305 Stem 6303 50000 0.14626 1220.52 Suffix 2165 50000 0.169371 246.225 Prefix 4416 50000 0.442675 145.823 SubMorph 696 12871 0.0106608 154.661 SuffixMorph 365 2677 0.135509 75.7209
170	1	5560.41	1.10699e+06	14339	4254	45746	1	0.1 PrefixMorph 547 5317 0.0889944 106.408 Stem 6436 50000 0.123392 1349.93 Suffix 2152 50000 0.16921 237.122 Prefix 4252 50000 0.437165 153.525 SubMorph 651 13087 0.00016956 135.627 SuffixMorph 301 2673 0.00278562 82.0095
180	1	5816.31	1.10583e+06	14448	4339	45661	0	0.1 PrefixMorph 543 5405 0.0320104 135.004 Stem 6463 50000 0.127765 1322.6 Suffix 2092 50000 0.147936 270.473 Prefix 4379 50000 0.43327 182.572 SubMorph 643 13134 0.0109455 138.376 SuffixMorph 328 2624 0.108964 67.6753
190	1	6074.67	1.10591e+06	14387	4450	45550	0	0.1 PrefixMorph 519 5415 0.0179582 119.256 Stem 6275 50000 0.106333 1350.98 Suffix 2204 50000 0.169856 248.339 Prefix 4458 50000 0.441223 164.544 SubMorph 635 12853 0.00339238 130.962 SuffixMorph 296 2731 0.0650563 67.9953
200	1	6333.54	1.10303e+06	14408	4578	45422	0	0.1 PrefixMorph 503 5461 0.00312922 133.415 Stem 6348 50000 0.124716 1300.86 Suffix 2164 50000 0.194339 199.532 Prefix 4425 50000 0.458626 148.911 SubMorph 656 12953 0.00308067 139.822 SuffixMorph 312 2688 0.106709 73.8519
210	1	6591.46	1.09921e+06	14264	4730	45270	0	0.1 PrefixMorph 506 5529 0.0343248 116.448 Stem 6346 50000 0.123108 1361.22 Suffix 2000 50000 0.165126 211.201 Prefix 4471 50000 0.459751 139.784 SubMorph 648 12969 0.00412909 143.747 SuffixMorph 293 2515 0.0684515 71.9362
220	1	6850.29	1.0966e+06	14346	4826	45174	1	0.1 PrefixMorph 522 5640 0.00779119 132.614 Stem 6285 50000 0.114873 1292.04 Suffix 2043 50000 0.184262 207.457 Prefix 4592 50000 0.464326 150.683 SubMorph 638 12919 0.000429723 142.074 SuffixMorph 266 2582 0.00286553 64.5109
230	1	7109.68	1.092e+06	14332	5095	44905	0	0.1 PrefixMorph 513 5441 0.00820506 127.708 Stem 6273 50000 0.115653 1346.11 Suffix 2094 50000 0.214693 179.726 Prefix 4569 50000 0.481129 108.718 SubMorph 641 12895 0.00387715 139.578 SuffixMorph 242 2653 0.0083241 59.9153
240	1	7371.12	1.09166e+06	14154	5186	44814	0	0.1 PrefixMorph 497 5366 0.00277849 129.514 Stem 6305 50000 0.133626 1333.15 Suffix 1967 50000 0.205509 164.916 Prefix 4477 50000 0.457901 138.024 SubMorph 635 12945 0.00283443 140.44 SuffixMorph 273 2524 0.0237367 77.5108
250	1	7630.41	1.0876e+06	14044	5330	44670	0	0.1 PrefixMorph 477 5343 0.000176506 119.519 Stem 6332 50000 0.119992 1328.41 Suffix 1966 50000 0.189721 195.465 Prefix 4348 50000 0.472278 130.805 SubMorph 642 12964 0.0166895 137.136 SuffixMorph 279 2519 0.101242 67.8756
260	1	7884.74	1.08158e+06	13647	5674	44326	0	0.1 PrefixMorph 476 5086 0.000419916 127.679 Stem 6308 50000 0.12268 1293.21 Suffix 1970 50000 0.215836 172.87 Prefix 3982 50000 0.457072 124.24 SubMorph 647 13005 0.0089805 136.616 SuffixMorph 264 2525 0.0601712 65.7782
270	1	8136.48	1.08348e+06	13869	5453	44547	0	0.1 PrefixMorph 444 5348 0.0155957 102.309 Stem 6318 50000 0.100382 1373.84 Suffix 1881 50000 0.179081 192.909 Prefix 4320 50000 0.491539 90.1779 SubMorph 638 12987 0.0005955 144.071 SuffixMorph 268 2461 0.127653 60.2109
280	1	8389.13	1.08154e+06	13721	5433	44567	1	0.1 PrefixMorph 458 5162 0.00205223 119.234 Stem 6261 50000 0.128436 1315.12 Suffix 2049 50000 0.24334 169.544 Prefix 4092 50000 0.482491 81.0367 SubMorph 641 12876 0.0120098 135.824 SuffixMorph 220 2623 0.00285464 52.1229
290	1	8643.32	1.08105e+06	13945	5612	44388	0	0.1 PrefixMorph 470 5382 0.0193466 125.127 Stem 6196 50000 0.122779 1287.92 Suffix 2024 50000 0.25616 134.593 Prefix 4380 50000 0.478114 106.008 SubMorph 614 12821 0.00379436 125.599 SuffixMorph 261 2586 0.0760597 62.5665
300	1	8895.85	1.07902e+06	13658	5669	44331	0	0.1 PrefixMorph 424 5298 0.0129543 85.293 Stem 6166 50000 0.11606 1266.56 Suffix 1933 50000 0.245995 145.86 Prefix 4276 50000 0.4778 130.417 SubMorph 617 12814 0.00237086 125.88 SuffixMorph 242 2507 0.0507833 57.9265
310	1	9145.34	1.07856e+06	13564	5622	44378	2	0.1 PrefixMorph 430 5157 0.0189508 96.4334 Stem 6289 50000 0.119818 1320.82 Suffix 1872 50000 0.228365 144.997 Prefix 4072 50000 0.446852 125.606 SubMorph 630 12941 0.0044257 136.158 SuffixMorph 271 2510 0.0463792 61.223
320	1	9394.16	1.07396e+06	13395	6102	43898	0	0.1 PrefixMorph 458 5114 0.00869135 109.957 Stem 6294 50000 0.112247 1357.62 Suffix 1831 50000 0.190003 178.941 Prefix 3970 50000 0.452612 113.998 SubMorph 622 12925 0.00565119 127.613 SuffixMorph 220 2423 0.085132 43.192
330	1	9644.64	1.07391e+06	13551	6001	43999	0	0.1 PrefixMorph 443 5077 0.0213143 112.491 Stem 6289 50000 0.118368 1325.77 Suffix 1889 50000 0.239842 137.175 Prefix 4047 50000 0.454341 111.162 SubMorph 632 12906 0.00790662 135.907 SuffixMorph 251 2518 0.0218088 74.878
340	1	9892.97	1.07195e+06	13755	6142	43858	0	0.1 PrefixMorph 494 5369 0.0502252 112.781 Stem 6235 50000 0.107187 1404.96 Suffix 1818 50000 0.225424 136.896 Prefix 4329 50000 0.494204 94.5109 SubMorph 644 12806 0.00706014 135.335 SuffixMorph 235 2408 0.0145941 63.4526
350	1	10146.9	1.07448e+06	13714	6022	43978	1	0.1 PrefixMorph 507 5279 0.00335914 132.587 Stem 6207 50000 0.115713 1312.44 Suffix 1861 50000 0.186738 185.083 Prefix 4241 50000 0.479863 110.65 SubMorph 658 12814 0.000331793 130.336 SuffixMorph 240 2466 0.00213322 56.5989
360	1	10399.1	1.0686e+06	13654	6469	43531	1	0.1 PrefixMorph 422 5369 0.00172845 103.847 Stem 6285 50000 0.118527 1341.93 Suffix 1804 50000 0.168083 197.393 Prefix 4302 50000 0.49421 88.4435 SubMorph 622 12904 0.0079529 118.58 SuffixMorph 219 2358 0.0180705 57.8576
370	1	10651.9	1.07138e+06	13793	6393	43607	0	0.1 PrefixMorph 455 5589 0.000416719 111.966 Stem 6179 50000 0.0939064 1414.16 Suffix 1759 50000 0.191911 176.216 Prefix 4529 50000 0.495133 107.764 SubMorph 625 12782 0.00148474 133.89 SuffixMorph 246 2351 0.076821 56.8757
380	1	10906.1	1.06886e+06	13797	6687	43313	0	0.1 PrefixMorph 475 5359 0.0232742 112.423 Stem 6268 50000 0.129036 1262.08 Suffix 1807 50000 0.227571 143.382 Prefix 4355 50000 0.476974 99.8104 SubMorph 622 12969 0.00720663 132.778 SuffixMorph 270 2373 0.0204659 72.1211
390	1	11163.6	1.07059e+06	13887	6542	43458	0	0.1 PrefixMorph 487 5354 0.0140339 114.453 Stem 6258 50000 0.131169 1253.92 Suffix 1919 50000 0.24284 151.327 Prefix 4346 50000 0.495001 107.655 SubMorph 621 12926 0.00742031 137.521 SuffixMorph 256 2467 0.110726 52.6232
400	1	11416.5	1.06933e+06	13609	6609	43391	0	0.1 PrefixMorph 496 5202 0.0333527 123.615 Stem 6228 50000 0.121258 1323.28 Suffix 1750 50000 0.208035 153.306 Prefix 4259 50000 0.47783 118.823 SubMorph 621 12931 0.0109551 121.168 SuffixMorph 255 2311 0.077015 56.4728
410	1	11670.3	1.07213e+06	13875	6570	43430	0	0.1 PrefixMorph 523 5381 0.00019997 144.627 Stem 6259 50000 0.107876 1348.91 Suffix 1861 50000 0.205083 164.921 Prefix 4344 50000 0.482888 123.507 SubMorph 603 12954 0.00305111 132.176 SuffixMorph 285 2425 0.0138447 76.0239
420	1	11924.3	1.07193e+06	13942	6293	43707	0	0.1 PrefixMorph 492 5460 0.0673336 100.474 Stem 6198 50000 0.0956108 1383.62 Suffix 1908 50000 0.243559 148.644 Prefix 4469 50000 0.515352 90.8019 SubMorph 594 12876 0.00790239 111.407 SuffixMorph 281 2418 0.0128414 77.7819
430	1	12178	1.06621e+06	13761	6776	43224	2	0.1 PrefixMorph 502 5462 0.0135232 128.553 Stem 6111 50000 0.0949897 1374 Suffix 1866 50000 0.209228 167.147 Prefix 4398 50000 0.523014 73.0183 SubMorph 602 12832 0.000982413 134.457 SuffixMorph 282 2456 0.0314204 79.8373
440	1	12428.9	1.06721e+06	13872	6819	43181	1	0.1 PrefixMorph 585 5335 0.121323 97.871 Stem 6200 50000 0.0963032 1410.03 Suffix 1860 50000 0.216268 149.937 Prefix 4377 50000 0.497397 96.8214 SubMorph 608 12959 0.00199264 117.222 SuffixMorph 242 2418 0.029604 62.3231
450	1	12683.3	1.07011e+06	13952	6619	43381	0	0.1 PrefixMorph 613 5281 0.0151566 152.957 Stem 6207 50000 0.117684 1306.01 Suffix 1938 50000 0.211797 174.265 Prefix 4305 50000 0.496746 83.8656 SubMorph 632 12989 0.0198662 132.288 SuffixMorph 257 2501 0.0331332 61.4278
460	1	12938.7	1.07241e+06	14389	6423	43577	0	0.1 PrefixMorph 614 5587 0.001144 175.594 Stem 6266 50000 0.0984706 1367.74 Suffix 1982 50000 0.240032 152.447 Prefix 4674 50000 0.515732 88.2468 SubMorph 625 13001 0.00138718 128.07 SuffixMorph 228 2549 0.0195433 56.7988
470	1	13197.2	1.07283e+06	14445	6422	43578	1	0.1 PrefixMorph 556 5618 0.060153 122.589 Stem 6242 50000 0.117126 1344.69 Suffix 2064 50000 0.265569 127.006 Prefix 4687 50000 0.505367 95.5268 SubMorph 625 12982 0.0140425 128.888 SuffixMorph 271 2623 0.00053288 84.0754
480	1	13454.4	1.07521e+06	14114	6461	43539	0	0.1 PrefixMorph 510 5390 0.022732 121.638 Stem 6308 50000 0.142676 1221.7 Suffix 2002 50000 0.251643 143.89 Prefix 4418 50000 0.493906 104.42 SubMorph 618 13099 0.00196124 136.177 SuffixMorph 258 2537 0.0537383 60.4576
490	1	13713.3	1.07035e+06	14037	6738	43262	0	0.1 PrefixMorph 501 5501 0.00347919 127.535 Stem 6157 50000 0.104671 1317.83 Suffix 1997 50000 0.231191 146.554 Prefix 4545 50000 0.511224 108.824 SubMorph 630 12809 0.0183531 141.285 SuffixMorph 207 2529 0.0265723 46.2165
500	1	13973.6	1.0694e+06	13930	6613	43387	0	0.1 PrefixMorph 521 5188 0.0899867 104.286 Stem 6213 50000 0.0978629 1409.66 Suffix 2017 50000 0.244711 152.961 Prefix 4340 50000 0.498521 90.0944 SubMorph 615 12951 0.0155293 131.896 SuffixMorph 224 2546 0.0291266 50.9831
