# D = 1, E = 1, I = 1, P = 0, R = -1, n = 500, N = 1, P = 0, w = 1, a = 0.1, b = 1000, e = 1, f = 1, g = 10, h = 0.1, r = 1629240581, s = 1, S = 0, x = 10, m = 0, Z = 1, z = 0, T = 1, t = 1
# 703628 tokens in 50000 sentences
#
# It	Temp	Time	-logP	tables	same	changed	reject	default_pya	(parent pym pyn pya pyb)*
0	1	20.442	2.06717e+06	203440	0	50000	0	0.1 StemSuffixMorphs 50000 50000 0.1 1000 SubMorph 103440 103440 0.1 1000 Stem 50000 50000 0.1 1000
10	1	499.27	1.15391e+06	26555	20222	29778	0	0.1 StemSuffixMorphs 21367 50000 0.463909 3979.1 SubMorph 2129 39484 0.000979401 453.873 Stem 3059 21367 0.00364801 918.236
20	1	814.4	1.13675e+06	26049	20019	29981	0	0.1 StemSuffixMorphs 21887 50000 0.460812 4234.23 SubMorph 1525 44836 0.0132443 280.732 Stem 2637 21887 0.000114386 727.291
30	1	1129.33	1.11743e+06	26511	21179	28821	1	0.1 StemSuffixMorphs 22658 50000 0.478695 4267.49 SubMorph 1264 45669 0.01314 236.123 Stem 2589 22658 0.00252674 740.924
40	1	1442.48	1.10694e+06	27092	21753	28247	0	0.1 StemSuffixMorphs 23312 50000 0.504527 4187.27 SubMorph 1194 45204 0.00025922 223.059 Stem 2586 23312 0.00939798 708.34
50	1	1758.56	1.10165e+06	27195	22057	27943	1	0.1 StemSuffixMorphs 23392 50000 0.506135 4008.01 SubMorph 1140 45500 0.00144991 203.832 Stem 2663 23392 0.0067074 737.344
60	1	2068.08	1.09249e+06	27564	22412	27588	0	0.1 StemSuffixMorphs 23879 50000 0.500419 4358.68 SubMorph 1068 46575 0.014628 183.671 Stem 2617 23879 0.00819718 672.043
70	1	2389.19	1.08913e+06	27694	22546	27454	1	0.1 StemSuffixMorphs 24016 50000 0.501115 4604.8 SubMorph 1053 47609 0.0135715 191.419 Stem 2625 24016 0.00252036 718.403
80	1	2701.11	1.08243e+06	27962	22811	27189	1	0.1 StemSuffixMorphs 24255 50000 0.503491 4658.34 SubMorph 1044 49545 0.0136346 178.879 Stem 2663 24255 0.00368308 719.743
90	1	3010.83	1.07739e+06	27922	23339	26661	1	0.1 StemSuffixMorphs 24290 50000 0.507966 4556.71 SubMorph 1020 49681 0.00832629 178.271 Stem 2612 24290 0.00570196 697.196
100	1	3324.17	1.07614e+06	28135	23150	26850	0	0.1 StemSuffixMorphs 24517 50000 0.508286 4650.84 SubMorph 993 50071 0.0561432 141.779 Stem 2625 24517 0.00775253 711.801
110	1	3637.96	1.07324e+06	28390	23950	26050	0	0.1 StemSuffixMorphs 24735 50000 0.511271 4673.78 SubMorph 976 49846 0.00950876 152.874 Stem 2679 24735 0.00115898 719.082
120	1	3950.83	1.07104e+06	28333	23636	26364	1	0.1 StemSuffixMorphs 24708 50000 0.507541 4756.71 SubMorph 958 49845 0.0587471 124.232 Stem 2667 24708 0.00245133 703.472
130	1	4270.44	1.06978e+06	28616	23721	26279	0	0.1 StemSuffixMorphs 25000 50000 0.524861 4746.62 SubMorph 920 50005 0.0082556 158.973 Stem 2696 25000 0.00191887 732.205
140	1	4603.94	1.06718e+06	28592	24259	25741	0	0.1 StemSuffixMorphs 25005 50000 0.51769 4602.34 SubMorph 902 49302 0.0143989 141.272 Stem 2685 25005 0.00116829 729.249
150	1	4928.32	1.06333e+06	28750	24914	25086	0	0.1 StemSuffixMorphs 25121 50000 0.519353 4806.63 SubMorph 943 48879 0.0316921 144.049 Stem 2686 25121 0.00879047 734.495
160	1	5252.08	1.06287e+06	28945	25085	24915	3	0.1 StemSuffixMorphs 25238 50000 0.525843 4726.26 SubMorph 926 49100 0.0450589 138.854 Stem 2781 25238 0.00270186 740.408
170	1	5569.49	1.05972e+06	28765	25608	24392	0	0.1 StemSuffixMorphs 25083 50000 0.540273 4302.5 SubMorph 904 48836 0.0615067 118.416 Stem 2778 25083 0.0037846 751.509
180	1	5888.25	1.05783e+06	28856	25920	24080	0	0.1 StemSuffixMorphs 25182 50000 0.53106 4495.51 SubMorph 930 48643 0.0263803 140.271 Stem 2744 25182 0.000462775 722.938
190	1	6203.38	1.05723e+06	28900	25760	24240	0	0.1 StemSuffixMorphs 25189 50000 0.526687 4541.35 SubMorph 929 49339 0.0402955 131.8 Stem 2782 25189 0.000122222 782.585
200	1	6513.64	1.05473e+06	28908	26329	23671	0	0.1 StemSuffixMorphs 25239 50000 0.52527 4714.59 SubMorph 932 48742 0.0674759 127.115 Stem 2737 25239 0.000702095 753.197
210	1	6826.63	1.05392e+06	28937	26338	23662	2	0.1 StemSuffixMorphs 25229 50000 0.529269 4507.46 SubMorph 909 48532 0.0147608 152.195 Stem 2799 25229 0.00119959 754.978
220	1	7142.45	1.05155e+06	29197	26562	23438	0	0.1 StemSuffixMorphs 25507 50000 0.551045 4212.96 SubMorph 907 48276 0.0314271 125.817 Stem 2783 25507 0.000815582 749.063
230	1	7457.84	1.05008e+06	29023	26672	23328	1	0.1 StemSuffixMorphs 25370 50000 0.521631 4878.43 SubMorph 917 48493 0.0822631 119.962 Stem 2736 25370 0.0023011 742.658
240	1	7772.13	1.04848e+06	28990	26871	23129	0	0.1 StemSuffixMorphs 25382 50000 0.525799 4574.5 SubMorph 897 48601 0.015151 140.702 Stem 2711 25382 0.00412466 728.411
250	1	8086.76	1.04758e+06	29111	26951	23049	0	0.1 StemSuffixMorphs 25468 50000 0.543238 4442 SubMorph 907 48282 0.0418342 143.055 Stem 2736 25468 0.004062 753.688
260	1	8405.22	1.04886e+06	29200	26639	23361	1	0.1 StemSuffixMorphs 25549 50000 0.51711 5091.4 SubMorph 893 48593 0.0462638 125.329 Stem 2758 25549 0.000553417 784.698
270	1	8722.06	1.04698e+06	29242	27107	22893	0	0.1 StemSuffixMorphs 25571 50000 0.515726 4972.87 SubMorph 890 48140 0.0173845 145.606 Stem 2781 25571 9.02326e-05 769.315
280	1	9038.9	1.04417e+06	29226	27676	22324	0	0.1 StemSuffixMorphs 25585 50000 0.545695 4543.26 SubMorph 887 47949 0.0584358 120.178 Stem 2754 25585 0.000226204 797.704
290	1	9353.21	1.04457e+06	29222	27450	22550	1	0.1 StemSuffixMorphs 25582 50000 0.532956 4684.4 SubMorph 887 48044 0.0661498 117.78 Stem 2753 25582 0.00047775 769.346
300	1	9685.74	1.04319e+06	29302	27618	22382	2	0.1 StemSuffixMorphs 25617 50000 0.534128 4609.98 SubMorph 889 48046 0.0491099 123.766 Stem 2796 25617 0.000238291 784.403
310	1	10016	1.04193e+06	29220	27961	22039	0	0.1 StemSuffixMorphs 25565 50000 0.531993 4669.04 SubMorph 883 47750 0.0601785 126.234 Stem 2772 25565 0.00246145 757.604
320	1	10347.7	1.04402e+06	29328	27509	22491	0	0.1 StemSuffixMorphs 25662 50000 0.520272 4908.49 SubMorph 889 48407 0.0643896 120.845 Stem 2777 25662 0.00247409 772.632
330	1	10673.7	1.04281e+06	29262	27612	22388	0	0.1 StemSuffixMorphs 25610 50000 0.530118 4784.83 SubMorph 890 47863 0.0569963 128.687 Stem 2762 25610 0.00467285 781.653
340	1	10990.7	1.04119e+06	29340	27973	22027	0	0.1 StemSuffixMorphs 25656 50000 0.535177 4641.35 SubMorph 919 47592 0.0487864 124.865 Stem 2765 25656 0.000337602 768.088
350	1	11309.1	1.04109e+06	29444	27930	22070	0	0.1 StemSuffixMorphs 25727 50000 0.533369 4723.64 SubMorph 906 47491 0.059115 133.213 Stem 2811 25727 0.00503589 766.49
360	1	11625	1.04084e+06	29618	27827	22173	0	0.1 StemSuffixMorphs 25905 50000 0.538084 4710.62 SubMorph 920 47636 0.0264321 134.87 Stem 2793 25905 0.00393581 791.048
370	1	11943.1	1.04133e+06	29516	27965	22035	1	0.1 StemSuffixMorphs 25792 50000 0.523636 5148.26 SubMorph 923 47825 0.0431135 134.364 Stem 2801 25792 0.000819416 767.646
380	1	12265.9	1.03972e+06	29511	27945	22055	0	0.1 StemSuffixMorphs 25808 50000 0.53592 4897.37 SubMorph 935 47320 0.0846363 109.5 Stem 2768 25808 0.002626 753.228
390	1	12582.6	1.03846e+06	29531	28328	21672	1	0.1 StemSuffixMorphs 25822 50000 0.524706 4902.89 SubMorph 922 47265 0.0933692 106.102 Stem 2787 25822 0.00101684 781.36
400	1	12902.3	1.03763e+06	29585	28466	21534	1	0.1 StemSuffixMorphs 25831 50000 0.544086 4657.87 SubMorph 904 47251 0.11117 91.7574 Stem 2850 25831 0.00303162 762.362
410	1	13221.6	1.0375e+06	29649	28422	21578	0	0.1 StemSuffixMorphs 25913 50000 0.536577 4957.9 SubMorph 900 48012 0.0816306 112.549 Stem 2836 25913 0.00368396 763.843
420	1	13544	1.03748e+06	29797	28133	21867	0	0.1 StemSuffixMorphs 26044 50000 0.537203 4806.68 SubMorph 901 47494 0.0727454 128.543 Stem 2852 26044 0.00420462 799.44
430	1	13864.8	1.03631e+06	29839	28414	21586	0	0.1 StemSuffixMorphs 26107 50000 0.546713 4625.09 SubMorph 910 47867 0.0434461 134.694 Stem 2822 26107 0.000786384 773.825
440	1	14189.3	1.03465e+06	29780	28780	21220	0	0.1 StemSuffixMorphs 26012 50000 0.540066 4655.62 SubMorph 910 47728 0.0708807 121.027 Stem 2858 26012 0.000946109 795.065
450	1	14509.2	1.03511e+06	29737	28530	21470	1	0.1 StemSuffixMorphs 26020 50000 0.538294 4912.1 SubMorph 890 47845 0.026953 133.589 Stem 2827 26020 0.000725657 816
460	1	14834.5	1.03458e+06	29926	28538	21462	1	0.1 StemSuffixMorphs 26186 50000 0.536478 4840.39 SubMorph 875 47834 0.0586527 119.534 Stem 2865 26186 0.000120663 798.501
470	1	15160.1	1.03211e+06	29797	29124	20876	0	0.1 StemSuffixMorphs 26062 50000 0.539461 4809.18 SubMorph 872 47603 0.0526718 130.111 Stem 2863 26062 0.00040935 765.43
480	1	15480	1.0317e+06	29796	29083	20917	2	0.1 StemSuffixMorphs 26129 50000 0.547394 4766.72 SubMorph 878 47585 0.0694212 106.614 Stem 2789 26129 0.00248169 753.28
490	1	15821.8	1.03198e+06	29893	29119	20881	0	0.1 StemSuffixMorphs 26179 50000 0.535106 4963.63 SubMorph 866 47856 0.0151165 135.227 Stem 2848 26179 0.00263657 778.537
500	1	16155.1	1.03072e+06	29759	29059	20941	0	0.1 StemSuffixMorphs 26096 50000 0.540154 4832.15 SubMorph 851 47887 0.0716472 103.788 Stem 2812 26096 8.18484e-05 763.565
