# D = 1, E = 1, I = 1, P = 0, R = -1, n = 500, N = 1, P = 0, w = 1, a = 0.1, b = 1000, e = 1, f = 1, g = 10, h = 0.1, r = 1629240574, s = 1, S = 0, x = 10, m = 0, Z = 1, z = 0, T = 1, t = 1
# 703628 tokens in 50000 sentences
#
# It	Temp	Time	-logP	tables	same	changed	reject	default_pya	(parent pym pyn pya pyb)*
0	1	20.4873	2.06601e+06	203249	0	50000	0	0.1 StemSuffixMorphs 50000 50000 0.1 1000 SubMorph 103249 103249 0.1 1000 Stem 50000 50000 0.1 1000
10	1	506.727	1.14322e+06	26416	21717	28283	1	0.1 StemSuffixMorphs 21388 50000 0.453413 4044.97 SubMorph 2065 37632 0.00233361 460.82 Stem 2963 21388 0.00108787 892.381
20	1	825.439	1.12689e+06	26204	21180	28820	0	0.1 StemSuffixMorphs 22114 50000 0.483968 3894.04 SubMorph 1533 42553 0.00569409 294.404 Stem 2557 22114 0.00150214 725.048
30	1	1143.77	1.11305e+06	26271	21611	28389	1	0.1 StemSuffixMorphs 22463 50000 0.486923 4086.77 SubMorph 1307 44348 0.00168864 247.165 Stem 2501 22463 0.00120248 655.973
40	1	1460.24	1.10169e+06	26430	22696	27304	1	0.1 StemSuffixMorphs 22759 50000 0.477489 4453.8 SubMorph 1180 44007 0.00968737 221.934 Stem 2491 22759 0.00175462 662.306
50	1	1775.66	1.0963e+06	26832	22739	27261	0	0.1 StemSuffixMorphs 23147 50000 0.498062 4118.45 SubMorph 1095 44078 0.00375366 194.964 Stem 2590 23147 0.000750591 706.856
60	1	2089.68	1.09135e+06	27251	23135	26865	0	0.1 StemSuffixMorphs 23623 50000 0.506968 4076.07 SubMorph 1057 44001 0.0164348 184.674 Stem 2571 23623 0.00190593 702.086
70	1	2402.67	1.08524e+06	27520	23658	26342	1	0.1 StemSuffixMorphs 23851 50000 0.495656 4687.91 SubMorph 1031 43748 0.008568 167.782 Stem 2638 23851 0.00846001 741.272
80	1	2713.84	1.08116e+06	27864	24236	25764	1	0.1 StemSuffixMorphs 24161 50000 0.503899 4344.25 SubMorph 1011 43412 0.0272562 167.497 Stem 2692 24161 0.00764804 737.07
90	1	3026.26	1.07614e+06	27947	24896	25104	1	0.1 StemSuffixMorphs 24278 50000 0.505176 4686.73 SubMorph 982 42868 3.43756e-05 154.16 Stem 2687 24278 0.000637769 756.478
100	1	3346.92	1.07083e+06	28002	25392	24608	0	0.1 StemSuffixMorphs 24317 50000 0.512948 4569.57 SubMorph 967 42942 0.0692779 134.681 Stem 2718 24317 0.00147981 756.761
110	1	3668.47	1.06995e+06	28163	25374	24626	0	0.1 StemSuffixMorphs 24572 50000 0.51511 4483.97 SubMorph 924 43492 0.0179476 147.609 Stem 2667 24572 0.0029487 743.914
120	1	3981.6	1.06538e+06	28256	25527	24473	0	0.1 StemSuffixMorphs 24652 50000 0.50932 4632.95 SubMorph 877 43477 0.00189383 151.025 Stem 2727 24652 0.000810098 750.594
130	1	4296.92	1.06261e+06	28382	26043	23957	0	0.1 StemSuffixMorphs 24748 50000 0.506827 4823.04 SubMorph 898 43292 0.00402192 155.852 Stem 2736 24748 0.000123125 759.237
140	1	4620.13	1.06202e+06	28507	26218	23782	1	0.1 StemSuffixMorphs 24859 50000 0.520492 4510.22 SubMorph 898 43166 0.00501956 152.981 Stem 2750 24859 0.00160115 752.966
150	1	4939.51	1.06129e+06	28573	25953	24047	0	0.1 StemSuffixMorphs 24949 50000 0.520863 4670.81 SubMorph 890 43540 0.0281155 139.248 Stem 2734 24949 0.00121658 771.496
160	1	5256.92	1.05896e+06	28519	26573	23427	1	0.1 StemSuffixMorphs 24873 50000 0.514245 4803.78 SubMorph 896 43630 0.0321072 131.482 Stem 2750 24873 0.00295099 743.932
170	1	5585.82	1.05844e+06	28711	26649	23351	0	0.1 StemSuffixMorphs 25015 50000 0.525566 4542.95 SubMorph 907 43990 0.0357943 144.473 Stem 2789 25015 0.000517401 753.639
180	1	5901.5	1.05712e+06	28795	26803	23197	1	0.1 StemSuffixMorphs 25072 50000 0.532118 4305.52 SubMorph 900 43782 0.112041 95.4306 Stem 2823 25072 0.000133329 778.363
190	1	6225.86	1.05509e+06	28779	27060	22940	0	0.1 StemSuffixMorphs 25097 50000 0.520162 4533.04 SubMorph 894 43532 0.0772829 111.389 Stem 2788 25097 0.00551703 759.641
200	1	6539.42	1.05569e+06	28855	26710	23290	1	0.1 StemSuffixMorphs 25182 50000 0.51891 4727.83 SubMorph 871 43967 0.0410999 128.479 Stem 2802 25182 0.00581392 782.625
210	1	6856.82	1.05385e+06	28836	26919	23081	1	0.1 StemSuffixMorphs 25130 50000 0.523386 4749.64 SubMorph 880 43894 0.0302329 130.418 Stem 2826 25130 0.00278662 794.042
220	1	7173.74	1.05362e+06	28850	26765	23235	0	0.1 StemSuffixMorphs 25160 50000 0.527137 4616.58 SubMorph 883 44346 0.0165825 146.829 Stem 2807 25160 0.00332755 790.791
230	1	7492.93	1.05222e+06	28840	26984	23016	0	0.1 StemSuffixMorphs 25152 50000 0.534649 4409.45 SubMorph 862 44106 0.0272811 142.293 Stem 2826 25152 0.00014774 784.687
240	1	7807.88	1.05172e+06	28669	26816	23184	0	0.1 StemSuffixMorphs 25043 50000 0.513597 4573.98 SubMorph 844 44334 0.0121866 138.462 Stem 2782 25043 0.011548 745.891
250	1	10782.9	1.05081e+06	28983	27062	22938	1	0.1 StemSuffixMorphs 25301 50000 0.517085 5043.9 SubMorph 851 44003 0.0654297 115.111 Stem 2831 25301 0.00181834 793.969
260	1	11098.6	1.04897e+06	28864	27301	22699	0	0.1 StemSuffixMorphs 25156 50000 0.505681 4921.35 SubMorph 875 43800 0.0120659 145.416 Stem 2833 25156 0.00416649 776.244
270	1	11412.7	1.04887e+06	28993	27177	22823	1	0.1 StemSuffixMorphs 25264 50000 0.525635 4704.65 SubMorph 868 43857 0.115787 91.0313 Stem 2861 25264 0.00164317 787.853
280	1	11727.1	1.04681e+06	28987	27669	22331	0	0.1 StemSuffixMorphs 25267 50000 0.527242 4525.16 SubMorph 869 43604 0.0725197 116.842 Stem 2851 25267 0.0023198 797.628
290	1	12042.8	1.0477e+06	28899	27613	22387	1	0.1 StemSuffixMorphs 25164 50000 0.514676 4777.08 SubMorph 888 43835 0.0523699 128.121 Stem 2847 25164 0.00168838 801.685
300	1	12367.8	1.04679e+06	29030	27475	22525	0	0.1 StemSuffixMorphs 25317 50000 0.518188 4873.64 SubMorph 850 43831 0.0419503 119.854 Stem 2863 25317 0.00041111 770.886
310	1	12685.5	1.04504e+06	29124	27838	22162	0	0.1 StemSuffixMorphs 25348 50000 0.531115 4643.47 SubMorph 885 43427 0.0622589 119.146 Stem 2891 25348 0.000940781 813.622
320	1	13003.5	1.04517e+06	29242	27810	22190	0	0.1 StemSuffixMorphs 25421 50000 0.529808 4787.71 SubMorph 881 43764 0.0837322 114.131 Stem 2940 25421 0.00466312 846.323
330	1	13323.6	1.04561e+06	29222	27657	22343	0	0.1 StemSuffixMorphs 25451 50000 0.527879 4749.87 SubMorph 882 43747 0.0430835 131.139 Stem 2889 25451 0.000964919 806.073
340	1	13637	1.04294e+06	29022	27626	22374	0	0.1 StemSuffixMorphs 25217 50000 0.531469 4501.34 SubMorph 902 44205 0.0833232 126.155 Stem 2903 25217 0.000311739 824.921
350	1	13953.1	1.03933e+06	28637	28081	21919	0	0.1 StemSuffixMorphs 24931 50000 0.534054 4353.94 SubMorph 878 45337 0.0428662 129.352 Stem 2828 24931 0.000708833 788.038
360	1	14276.1	1.03925e+06	28631	27930	22070	0	0.1 StemSuffixMorphs 24849 50000 0.518347 4613.99 SubMorph 898 45741 0.0609425 112.556 Stem 2884 24849 0.00454014 827.634
370	1	14592.6	1.03908e+06	28488	28107	21893	1	0.1 StemSuffixMorphs 24782 50000 0.519201 4442.55 SubMorph 895 45611 0.0495834 126.837 Stem 2811 24782 0.00344245 789.711
380	1	14907.3	1.03894e+06	28515	28086	21914	0	0.1 StemSuffixMorphs 24790 50000 0.514689 4662.43 SubMorph 889 45747 0.0766656 114.601 Stem 2836 24790 0.000555099 792.337
390	1	15217.6	1.03764e+06	28563	28043	21957	1	0.1 StemSuffixMorphs 24835 50000 0.515792 4634.47 SubMorph 881 45879 0.0834234 101.928 Stem 2847 24835 0.0019178 794.64
400	1	15530.9	1.03817e+06	28803	27786	22214	0	0.1 StemSuffixMorphs 25036 50000 0.523686 4503.55 SubMorph 870 46134 0.05504 125.573 Stem 2897 25036 0.00416245 801.504
410	1	15843	1.0372e+06	28681	27863	22137	1	0.1 StemSuffixMorphs 24918 50000 0.523979 4517.77 SubMorph 890 46432 0.0563694 129.487 Stem 2873 24918 0.000829171 830.404
420	1	16160.2	1.03633e+06	28776	28479	21521	0	0.1 StemSuffixMorphs 25011 50000 0.524704 4456.16 SubMorph 911 45655 0.059141 131.384 Stem 2854 25011 0.000388459 796.769
430	1	16472.8	1.03552e+06	28644	28357	21643	0	0.1 StemSuffixMorphs 24913 50000 0.514567 4796.3 SubMorph 874 46136 0.0381569 134.484 Stem 2857 24913 0.00226615 775.265
440	1	16787.7	1.03456e+06	28881	28423	21577	0	0.1 StemSuffixMorphs 25078 50000 0.529596 4446.34 SubMorph 903 45633 0.04777 133.193 Stem 2900 25078 0.00115442 821.84
450	1	17101.1	1.03566e+06	28808	28152	21848	0	0.1 StemSuffixMorphs 25055 50000 0.522674 4577.4 SubMorph 891 45721 0.0687559 117.986 Stem 2862 25055 0.00166783 801.759
460	1	17418.1	1.0352e+06	28774	28102	21898	0	0.1 StemSuffixMorphs 25030 50000 0.521404 4553.9 SubMorph 897 45739 0.0486101 125.462 Stem 2847 25030 0.000654231 808.162
470	1	17749.4	1.03598e+06	28739	27964	22036	2	0.1 StemSuffixMorphs 25033 50000 0.515416 4708.05 SubMorph 891 46045 0.0665814 118.187 Stem 2815 25033 0.00379211 781.095
480	1	18063.9	1.03405e+06	28867	28218	21782	0	0.1 StemSuffixMorphs 25127 50000 0.529129 4688.87 SubMorph 885 45579 0.111218 100.462 Stem 2855 25127 0.00406346 811.252
490	1	18379.9	1.03406e+06	28706	28291	21709	0	0.1 StemSuffixMorphs 24950 50000 0.515217 4675.96 SubMorph 865 45768 0.0518005 112.673 Stem 2891 24950 0.00152577 844.117
500	1	18696.5	1.03163e+06	28934	28500	21500	1	0.1 StemSuffixMorphs 25158 50000 0.51725 4766.34 SubMorph 884 45802 0.0572182 125.361 Stem 2892 25158 0.00434912 801.98
