# D = 1, E = 1, I = 1, P = 0, R = -1, n = 500, N = 1, P = 0, w = 1, a = 0.1, b = 1000, e = 1, f = 1, g = 10, h = 0.1, r = 1629240527, s = 1, S = 0, x = 10, m = 0, Z = 1, z = 0, T = 1, t = 1
# 703628 tokens in 50000 sentences
#
# It	Temp	Time	-logP	tables	same	changed	reject	default_pya	(parent pym pyn pya pyb)*
0	1	17.8903	2.15908e+06	252979	0	50000	0	0.1 Prefix 50000 50000 0.1 1000 Suffix 50000 50000 0.1 1000 Stem 50000 50000 0.1 1000 SubMorph 102979 102979 0.1 1000
10	1	679.328	1.24677e+06	19493	1149	48851	1	0.1 Prefix 6213 50000 0.00705161 1735.68 Suffix 5291 50000 0.000289713 1472.57 Stem 6728 50000 0.206381 1125.31 SubMorph 1261 13921 0.00110949 335.501
20	1	984.496	1.19013e+06	15090	1963	48037	0	0.1 Prefix 4885 50000 0.0715146 1023.07 Suffix 3575 50000 0.00457452 866.135 Stem 5802 50000 0.193737 939.863 SubMorph 828 13065 0.00495361 196.835
30	1	1264.77	1.15675e+06	13069	2878	47122	0	0.1 Prefix 4136 50000 0.0788397 810.837 Suffix 2763 50000 0.00337686 582.453 Stem 5439 50000 0.186803 847.837 SubMorph 731 12882 0.00206649 156.293
40	1	1526.46	1.13402e+06	12106	3711	46289	0	0.1 Prefix 3781 50000 0.125255 632.391 Suffix 2360 50000 5.85495e-05 487.843 Stem 5311 50000 0.209357 754.111 SubMorph 654 12754 0.0142851 138.372
50	1	1781.25	1.12047e+06	11545	4263	45737	0	0.1 Prefix 3433 50000 0.138477 533.945 Suffix 2059 50000 0.00833593 419.067 Stem 5450 50000 0.200069 827.62 SubMorph 603 12926 0.0100071 124.441
60	1	2031.32	1.10711e+06	11255	4853	45147	1	0.1 Prefix 3353 50000 0.179723 430.716 Suffix 1923 50000 0.0193686 362.001 Stem 5410 50000 0.206056 816.526 SubMorph 569 13001 0.0190661 105.137
70	1	2275.45	1.09792e+06	10997	5662	44338	0	0.1 Prefix 3148 50000 0.170057 394.265 Suffix 1779 50000 0.00710411 361.627 Stem 5498 50000 0.208545 812.828 SubMorph 572 13116 0.0190305 118.181
80	1	2518.55	1.08941e+06	10911	6122	43878	0	0.1 Prefix 3096 50000 0.210587 334.502 Suffix 1734 50000 0.0202144 310.262 Stem 5522 50000 0.187753 890.726 SubMorph 559 13158 0.000543949 116.087
90	1	2759.14	1.08354e+06	10845	6459	43541	0	0.1 Prefix 3102 50000 0.217362 293.45 Suffix 1573 50000 0.0142399 292.928 Stem 5622 50000 0.219544 831.403 SubMorph 548 13383 0.00637307 112.271
100	1	2998.09	1.0783e+06	10763	6796	43204	1	0.1 Prefix 3043 50000 0.207551 329.347 Suffix 1491 50000 0.0298018 255.101 Stem 5678 50000 0.238972 741.562 SubMorph 551 13598 0.000773524 109.536
110	1	3234.5	1.07118e+06	10532	7160	42840	0	0.1 Prefix 2974 50000 0.216277 301.029 Suffix 1393 50000 0.0161901 241.638 Stem 5611 50000 0.2056 826.882 SubMorph 554 13429 0.00368475 115.669
120	1	3471.5	1.06805e+06	10495	7432	42568	0	0.1 Prefix 2882 50000 0.205036 322.279 Suffix 1375 50000 0.0577207 207.888 Stem 5700 50000 0.201231 852.669 SubMorph 538 13451 0.0125664 100.869
130	1	3707.3	1.06662e+06	10495	7569	42431	0	0.1 Prefix 2838 50000 0.209836 321.845 Suffix 1465 50000 0.0127669 248.196 Stem 5651 50000 0.203322 871.762 SubMorph 541 13507 0.00449229 105.975
140	1	3942.28	1.06385e+06	10622	7917	42083	0	0.1 Prefix 2758 50000 0.224734 266.389 Suffix 1460 50000 0.0943742 200.313 Stem 5855 50000 0.239222 794.139 SubMorph 549 13832 0.00900875 107.922
150	1	4176.06	1.0616e+06	10398	8166	41834	1	0.1 Prefix 2665 50000 0.170719 331.8 Suffix 1367 50000 0.0282712 234.128 Stem 5842 50000 0.234986 820.25 SubMorph 524 13708 0.00102227 99.7607
160	1	4410.57	1.05921e+06	10182	8323	41677	0	0.1 Prefix 2652 50000 0.210569 270.672 Suffix 1277 50000 0.00103479 232.142 Stem 5712 50000 0.209573 873.795 SubMorph 541 13631 0.00381763 113.968
170	1	4651.97	1.05812e+06	10344	8252	41748	0	0.1 Prefix 2712 50000 0.239691 221.07 Suffix 1335 50000 0.0498052 212.175 Stem 5749 50000 0.214697 844.738 SubMorph 548 13750 0.0438643 107.154
180	1	4895.12	1.05466e+06	10485	8545	41455	0	0.1 Prefix 2724 50000 0.220351 290.588 Suffix 1306 50000 0.0595165 202.32 Stem 5909 50000 0.252094 790.953 SubMorph 546 14046 0.00616556 105.03
190	1	5132.25	1.04894e+06	10119	8772	41228	1	0.1 Prefix 2536 50000 0.216925 235.322 Suffix 1235 50000 0.0630707 178.914 Stem 5815 50000 0.234134 801.266 SubMorph 533 13822 0.00398904 99.5314
200	1	5365.35	1.04875e+06	10140	8983	41017	0	0.1 Prefix 2579 50000 0.229619 254.724 Suffix 1209 50000 0.0294254 195.43 Stem 5802 50000 0.205434 854.554 SubMorph 550 13839 0.00150174 120.069
210	1	5595.97	1.04402e+06	10149	9390	40610	0	0.1 Prefix 2522 50000 0.228423 240.002 Suffix 1192 50000 0.0889448 157.938 Stem 5875 50000 0.215449 878.262 SubMorph 560 13991 0.00974835 122.563
220	1	5825.55	1.0418e+06	10102	9900	40100	0	0.1 Prefix 2587 50000 0.235054 222.63 Suffix 1174 50000 0.00933518 203.618 Stem 5799 50000 0.206161 877.347 SubMorph 542 13880 0.00691151 106.407
230	1	6058.05	1.04034e+06	10120	9864	40136	0	0.1 Prefix 2513 50000 0.273028 197.037 Suffix 1159 50000 0.0368676 179.483 Stem 5894 50000 0.219779 850.704 SubMorph 554 14018 0.0036544 114.44
240	1	6289.51	1.03925e+06	10036	10146	39854	0	0.1 Prefix 2470 50000 0.228878 239.132 Suffix 1167 50000 0.0567116 177.792 Stem 5868 50000 0.214285 853.384 SubMorph 531 13984 0.0117455 103.659
250	1	6521.3	1.03869e+06	10130	10268	39732	0	0.1 Prefix 2469 50000 0.248479 193.279 Suffix 1239 50000 0.119906 148.445 Stem 5879 50000 0.221759 861.168 SubMorph 543 14002 0.00789972 110.015
260	1	6753.68	1.03946e+06	10214	10335	39665	0	0.1 Prefix 2558 50000 0.249929 203.757 Suffix 1196 50000 0.0883787 147.496 Stem 5917 50000 0.216847 902.918 SubMorph 543 14051 0.00117355 121.328
270	1	6983.19	1.03914e+06	10077	10446	39554	0	0.1 Prefix 2435 50000 0.21082 233.534 Suffix 1180 50000 0.0448195 183.624 Stem 5908 50000 0.23032 816.688 SubMorph 554 14009 0.0057327 105.343
280	1	7206.69	1.03832e+06	10053	10549	39451	0	0.1 Prefix 2417 50000 0.261618 180.332 Suffix 1258 50000 0.117551 149.368 Stem 5829 50000 0.201677 911.756 SubMorph 549 13955 0.00929616 107.114
290	1	7427.44	1.03902e+06	10036	10523	39477	0	0.1 Prefix 2397 50000 0.250569 197.538 Suffix 1213 50000 0.056059 190.474 Stem 5904 50000 0.219823 884.564 SubMorph 522 13988 0.000482484 110.22
300	1	7647.6	1.03653e+06	10062	10796	39204	0	0.1 Prefix 2433 50000 0.268056 179.498 Suffix 1136 50000 0.0266857 182.203 Stem 5962 50000 0.231883 805.983 SubMorph 531 14123 0.00309842 111.514
310	1	7866	1.03407e+06	10071	10731	39269	0	0.1 Prefix 2377 50000 0.241579 207.134 Suffix 1199 50000 0.0857773 153.906 Stem 5953 50000 0.2259 831.707 SubMorph 542 14060 0.00086263 106.512
320	1	8084.39	1.033e+06	9919	10733	39267	0	0.1 Prefix 2383 50000 0.247118 192.765 Suffix 1177 50000 0.0546764 180.485 Stem 5808 50000 0.201437 886.999 SubMorph 551 13958 0.0706482 94.4665
330	1	8305.68	1.03311e+06	10038	10971	39029	1	0.1 Prefix 2387 50000 0.260931 169.927 Suffix 1189 50000 0.114228 142.123 Stem 5922 50000 0.194549 922.476 SubMorph 540 14118 0.00706546 102.353
340	1	8523.95	1.03168e+06	10020	10924	39076	0	0.1 Prefix 2357 50000 0.244591 182.547 Suffix 1212 50000 0.107817 152.164 Stem 5924 50000 0.224052 823.477 SubMorph 527 14047 0.0176038 104.564
350	1	8748.66	1.03251e+06	10087	11080	38920	1	0.1 Prefix 2385 50000 0.25463 187.508 Suffix 1181 50000 0.0553249 168.38 Stem 5990 50000 0.190733 1006.65 SubMorph 531 14118 0.0142817 101.815
360	1	8973.72	1.03072e+06	10092	11300	38700	0	0.1 Prefix 2445 50000 0.277066 179.015 Suffix 1216 50000 0.0719344 175.933 Stem 5886 50000 0.185728 954.939 SubMorph 545 14050 0.0231543 105.647
370	1	9199.26	1.02859e+06	10034	11889	38111	0	0.1 Prefix 2377 50000 0.228132 201.007 Suffix 1192 50000 0.107161 132.093 Stem 5909 50000 0.203566 883.375 SubMorph 556 14081 0.00314074 111.452
380	1	9423.62	1.02911e+06	10070	12037	37963	0	0.1 Prefix 2355 50000 0.242548 187.633 Suffix 1162 50000 0.098969 136.439 Stem 6026 50000 0.207789 948.621 SubMorph 527 14306 0.0189027 103.048
390	1	9657.05	1.03146e+06	10029	11607	38393	0	0.1 Prefix 2319 50000 0.252715 190.851 Suffix 1156 50000 0.0482641 188.325 Stem 6012 50000 0.216318 885.587 SubMorph 542 14296 0.0239795 94.0133
400	1	9893.03	1.03212e+06	10289	11446	38554	0	0.1 Prefix 2392 50000 0.248991 180.335 Suffix 1241 50000 0.143953 123.9 Stem 6116 50000 0.200741 953.027 SubMorph 540 14364 0.0208563 91.7885
410	1	10128	1.03228e+06	10166	11382	38618	1	0.1 Prefix 2367 50000 0.252865 181.521 Suffix 1218 50000 0.0878545 167.566 Stem 6031 50000 0.210049 936.636 SubMorph 550 14291 0.00253558 108.279
420	1	10361.7	1.03091e+06	9996	11478	38522	0	0.1 Prefix 2332 50000 0.240731 193.66 Suffix 1180 50000 0.10673 143.156 Stem 5925 50000 0.191497 973.312 SubMorph 559 14186 0.02937 101.888
430	1	10596.3	1.0296e+06	10068	11777	38223	0	0.1 Prefix 2327 50000 0.243597 186.596 Suffix 1209 50000 0.112437 138.421 Stem 5984 50000 0.229709 811.378 SubMorph 548 14251 0.0175089 104.247
440	1	10824.8	1.02716e+06	10117	12346	37654	1	0.1 Prefix 2336 50000 0.26314 163.656 Suffix 1215 50000 0.0931439 154.742 Stem 6028 50000 0.210487 900.822 SubMorph 538 14332 0.0397807 91.29
450	1	11044	1.02692e+06	10000	12089	37911	0	0.1 Prefix 2313 50000 0.257052 162.552 Suffix 1117 50000 0.0645052 154.704 Stem 6019 50000 0.20866 915.47 SubMorph 551 14237 0.0159268 111.248
460	1	11262.4	1.0285e+06	10162	12131	37869	0	0.1 Prefix 2398 50000 0.262965 184.065 Suffix 1159 50000 0.0695926 160.815 Stem 6040 50000 0.222837 831.769 SubMorph 565 14302 0.0537521 98.6461
470	1	11482.5	1.0277e+06	9991	11787	38213	0	0.1 Prefix 2338 50000 0.2393 202.419 Suffix 1167 50000 0.103529 133.984 Stem 5960 50000 0.185252 1002.72 SubMorph 526 14244 0.00785029 101.984
480	1	11705	1.02669e+06	9923	12078	37922	0	0.1 Prefix 2285 50000 0.255277 162.346 Suffix 1133 50000 0.0403663 169.917 Stem 5992 50000 0.195955 942.563 SubMorph 513 14296 0.00123045 104.529
490	1	11926.7	1.02754e+06	10153	12081	37919	0	0.1 Prefix 2413 50000 0.267035 165.365 Suffix 1164 50000 0.074051 154.39 Stem 6011 50000 0.206364 919.628 SubMorph 565 14329 0.0210029 100.155
500	1	12148.2	1.0252e+06	10029	12039	37961	1	0.1 Prefix 2334 50000 0.249353 182.624 Suffix 1135 50000 0.0474457 176.37 Stem 6003 50000 0.201198 936.522 SubMorph 557 14413 0.0267307 106.877
