# D = 1, E = 1, I = 1, P = 0, R = -1, n = 500, N = 1, P = 0, w = 1, a = 0.1, b = 1000, e = 1, f = 1, g = 10, h = 0.1, r = 1629240557, s = 1, S = 0, x = 10, m = 0, Z = 1, z = 0, T = 1, t = 1
# 703628 tokens in 50000 sentences
#
# It	Temp	Time	-logP	tables	same	changed	reject	default_pya	(parent pym pyn pya pyb)*
0	1	20.2985	2.06487e+06	202911	0	50000	0	0.1 StemSuffixMorphs 50000 50000 0.1 1000 SubMorph 102911 102911 0.1 1000 Stem 50000 50000 0.1 1000
10	1	484.547	1.15437e+06	26286	20271	29729	0	0.1 StemSuffixMorphs 21099 50000 0.434784 4270.57 SubMorph 2125 39926 0.0018495 463.726 Stem 3062 21099 0.00775384 900.382
20	1	793.946	1.13976e+06	25957	19683	30317	1	0.1 StemSuffixMorphs 21918 50000 0.467047 4140.05 SubMorph 1525 45112 0.00661344 294.154 Stem 2514 21918 0.00149164 714.364
30	1	1111.03	1.1191e+06	26149	21051	28949	0	0.1 StemSuffixMorphs 22392 50000 0.477238 3970.2 SubMorph 1331 44449 0.00464097 247.5 Stem 2426 22392 0.000596585 658.371
40	1	1425.88	1.10414e+06	26658	22022	27978	0	0.1 StemSuffixMorphs 23062 50000 0.473111 4606.53 SubMorph 1168 44113 0.00632972 202.816 Stem 2428 23062 0.00347548 659.321
50	1	1739.54	1.09681e+06	26571	22453	27547	0	0.1 StemSuffixMorphs 23083 50000 0.473564 4670.64 SubMorph 1096 44434 0.00165713 192.099 Stem 2392 23083 0.00585517 645.499
60	1	2054.84	1.09073e+06	26995	23127	26873	0	0.1 StemSuffixMorphs 23440 50000 0.483668 4565.63 SubMorph 1041 44079 0.00696963 184.325 Stem 2514 23440 0.00118297 676.584
70	1	2365.42	1.08868e+06	27210	22815	27185	0	0.1 StemSuffixMorphs 23667 50000 0.483224 4796.71 SubMorph 1023 44465 0.00532918 176.145 Stem 2520 23667 0.00522295 662.124
80	1	2676.26	1.08488e+06	27300	22953	27047	1	0.1 StemSuffixMorphs 23808 50000 0.50135 4283.1 SubMorph 1000 44598 0.0286323 160.214 Stem 2492 23808 0.00174633 665.415
90	1	2983.38	1.08229e+06	27324	23223	26777	1	0.1 StemSuffixMorphs 23855 50000 0.503529 4397.86 SubMorph 960 44863 0.00899578 169.517 Stem 2509 23855 0.00117117 671.728
100	1	3289.01	1.07776e+06	27718	24009	25991	0	0.1 StemSuffixMorphs 24220 50000 0.50577 4484.25 SubMorph 935 44250 0.0368351 139.406 Stem 2563 24220 0.00605252 665.944
110	1	3595.95	1.07731e+06	27806	23872	26128	1	0.1 StemSuffixMorphs 24283 50000 0.503907 4536.65 SubMorph 937 44255 0.00282494 169.786 Stem 2586 24283 0.000694497 685.921
120	1	3906.81	1.07417e+06	28134	24124	25876	1	0.1 StemSuffixMorphs 24610 50000 0.510778 4708.85 SubMorph 943 43923 0.0174364 162.982 Stem 2581 24610 5.31021e-05 715.866
130	1	4220.14	1.07074e+06	28257	24578	25422	1	0.1 StemSuffixMorphs 24694 50000 0.517926 4692.25 SubMorph 918 44014 0.0452239 133.318 Stem 2645 24694 0.00157598 722.282
140	1	4537.94	1.06978e+06	28396	24605	25395	0	0.1 StemSuffixMorphs 24787 50000 0.523074 4340.33 SubMorph 904 44044 0.0384581 129.315 Stem 2705 24787 0.00029841 764.864
150	1	4854.23	1.06705e+06	28281	24794	25206	0	0.1 StemSuffixMorphs 24713 50000 0.522393 4388.41 SubMorph 935 44223 0.0504823 132.464 Stem 2633 24713 0.000787461 727.988
160	1	5170.62	1.06577e+06	28698	25066	24934	1	0.1 StemSuffixMorphs 25104 50000 0.529123 4571.05 SubMorph 910 44139 0.0852265 111.76 Stem 2684 25104 0.00125755 731.873
170	1	5486.61	1.06374e+06	28836	25117	24883	0	0.1 StemSuffixMorphs 25235 50000 0.527778 4554.13 SubMorph 912 43490 0.0275796 137.177 Stem 2689 25235 0.00474919 751.079
180	1	5804.7	1.06102e+06	28892	25701	24299	0	0.1 StemSuffixMorphs 25265 50000 0.529224 4490.7 SubMorph 928 42978 0.0405977 135.101 Stem 2699 25265 0.0013111 725.335
190	1	6119.26	1.0591e+06	29006	25777	24223	1	0.1 StemSuffixMorphs 25394 50000 0.532187 4601.74 SubMorph 875 42929 0.013887 149.435 Stem 2737 25394 0.00119284 722.787
200	1	6432.09	1.05584e+06	29020	26208	23792	0	0.1 StemSuffixMorphs 25391 50000 0.535786 4558.16 SubMorph 871 42998 0.0155176 143.853 Stem 2758 25391 0.00226852 748.41
210	1	6748.83	1.05612e+06	29218	25824	24176	0	0.1 StemSuffixMorphs 25533 50000 0.530094 4763.47 SubMorph 891 43312 0.0465147 134.053 Stem 2794 25533 0.00134513 778.13
220	1	7056.76	1.05363e+06	29152	26022	23978	1	0.1 StemSuffixMorphs 25491 50000 0.525479 5065.83 SubMorph 867 43104 0.0755865 110.928 Stem 2794 25491 0.00280257 759.88
230	1	7370.41	1.05226e+06	29170	26163	23837	0	0.1 StemSuffixMorphs 25548 50000 0.524931 4864.03 SubMorph 859 43945 0.0762755 108.053 Stem 2763 25548 0.00154319 751.203
240	1	7687.36	1.05281e+06	29210	26179	23821	1	0.1 StemSuffixMorphs 25546 50000 0.528715 4722.88 SubMorph 837 44264 0.0357062 127.146 Stem 2827 25546 0.00135999 798.07
250	1	7999.95	1.05154e+06	29244	26170	23830	0	0.1 StemSuffixMorphs 25568 50000 0.544155 4424.59 SubMorph 881 44168 0.0364384 132.337 Stem 2795 25568 0.00546587 758.919
260	1	8313.96	1.05205e+06	29365	26261	23739	0	0.1 StemSuffixMorphs 25706 50000 0.53867 4671.98 SubMorph 863 44091 0.000634319 147.948 Stem 2796 25706 0.0087668 737.708
270	1	8627.68	1.05013e+06	29346	26413	23587	1	0.1 StemSuffixMorphs 25663 50000 0.531997 4739.9 SubMorph 848 44149 0.00981239 139.612 Stem 2835 25663 0.000262217 767.448
280	1	8943.72	1.04988e+06	29495	26531	23469	0	0.1 StemSuffixMorphs 25753 50000 0.540718 4658.88 SubMorph 865 44067 0.0462235 129.435 Stem 2877 25753 0.00200562 791.085
290	1	9258.68	1.05004e+06	29500	26557	23443	0	0.1 StemSuffixMorphs 25853 50000 0.536589 4829.28 SubMorph 853 44416 0.0112344 130.044 Stem 2794 25853 0.00141554 761.556
300	1	9577.08	1.04978e+06	29461	26617	23383	1	0.1 StemSuffixMorphs 25731 50000 0.53777 4849 SubMorph 869 44246 0.0305778 135.063 Stem 2861 25731 0.000596123 806.945
310	1	9893.51	1.04803e+06	29465	26817	23183	1	0.1 StemSuffixMorphs 25739 50000 0.531368 4805.15 SubMorph 851 44181 0.0664077 128.332 Stem 2875 25739 0.00407037 788.167
320	1	10211.7	1.04847e+06	29587	27026	22974	0	0.1 StemSuffixMorphs 25893 50000 0.543595 4613.65 SubMorph 873 44072 0.0716802 121.322 Stem 2821 25893 0.00261908 745.602
330	1	10530	1.04857e+06	29496	27085	22915	0	0.1 StemSuffixMorphs 25772 50000 0.535618 4808.02 SubMorph 880 44161 0.0775858 114.048 Stem 2844 25772 0.00838165 753.113
340	1	10852.6	1.04715e+06	29568	27463	22537	0	0.1 StemSuffixMorphs 25834 50000 0.524074 4771.69 SubMorph 858 44281 0.0628189 116.689 Stem 2876 25834 0.000649004 773.424
350	1	11168.2	1.04724e+06	29557	27422	22578	0	0.1 StemSuffixMorphs 25829 50000 0.537036 4823.33 SubMorph 841 44216 0.0257558 130.441 Stem 2887 25829 0.0011332 812.993
360	1	11482.7	1.04555e+06	29653	27495	22505	0	0.1 StemSuffixMorphs 25894 50000 0.561475 4243.6 SubMorph 846 43798 0.0829299 110.578 Stem 2913 25894 0.0021452 817.304
370	1	11806.3	1.04529e+06	29815	27538	22462	1	0.1 StemSuffixMorphs 26099 50000 0.550121 4565.61 SubMorph 857 44041 0.0485923 113.644 Stem 2859 26099 0.00157945 775.882
380	1	12127.9	1.04407e+06	29696	27815	22185	2	0.1 StemSuffixMorphs 25953 50000 0.53508 4791.46 SubMorph 877 43998 0.0700296 120.233 Stem 2866 25953 0.00323076 785.44
390	1	12444.6	1.04303e+06	29903	28004	21996	0	0.1 StemSuffixMorphs 26176 50000 0.542691 4661.28 SubMorph 845 43491 0.0761874 106.896 Stem 2882 26176 0.000137164 808.653
400	1	12766.2	1.04266e+06	30140	28112	21888	1	0.1 StemSuffixMorphs 26318 50000 0.554588 4724.83 SubMorph 832 43393 0.0178394 137.864 Stem 2990 26318 0.000662026 842.149
410	1	13084.2	1.04383e+06	29894	27840	22160	0	0.1 StemSuffixMorphs 26122 50000 0.539206 4840.27 SubMorph 815 43734 0.0541912 116.669 Stem 2957 26122 0.00287689 839.924
420	1	13399.9	1.0435e+06	29930	27819	22181	0	0.1 StemSuffixMorphs 26147 50000 0.552874 4559.83 SubMorph 808 43626 0.0267639 123.614 Stem 2975 26147 0.00202614 839.717
430	1	13723.2	1.03822e+06	29895	28238	21762	0	0.1 StemSuffixMorphs 26086 50000 0.549086 4564.37 SubMorph 832 43184 0.0409654 118.707 Stem 2977 26086 0.000971044 843.471
440	1	14038.9	1.03601e+06	29590	29043	20957	0	0.1 StemSuffixMorphs 25760 50000 0.531684 4645.55 SubMorph 848 43508 0.0504216 113.955 Stem 2982 25760 0.00415845 820.938
450	1	14355	1.03578e+06	29799	28702	21298	0	0.1 StemSuffixMorphs 26020 50000 0.53898 4951.59 SubMorph 842 43629 0.0312403 134.904 Stem 2937 26020 0.00160948 804.878
460	1	14668.9	1.03586e+06	29568	28690	21310	0	0.1 StemSuffixMorphs 25756 50000 0.537497 4799.39 SubMorph 839 44146 0.0754263 107.384 Stem 2973 25756 0.00176794 819.494
470	1	14980.8	1.0352e+06	29710	28663	21337	1	0.1 StemSuffixMorphs 25896 50000 0.54866 4619.86 SubMorph 842 44400 0.060485 112.973 Stem 2972 25896 0.00508856 826.088
480	1	15300.1	1.03549e+06	29617	28328	21672	0	0.1 StemSuffixMorphs 25838 50000 0.546309 4773.26 SubMorph 822 44762 0.0168904 122.854 Stem 2957 25838 0.00627193 855.034
490	1	15614.6	1.033e+06	29723	29009	20991	0	0.1 StemSuffixMorphs 25946 50000 0.55316 4412.09 SubMorph 804 44180 0.0970011 90.0543 Stem 2973 25946 0.00229201 834.333
500	1	15925.7	1.03192e+06	29761	28885	21115	0	0.1 StemSuffixMorphs 25956 50000 0.546854 4725.49 SubMorph 822 44067 0.0802598 98.9081 Stem 2983 25956 0.00101558 854.101
