# D = 1, E = 1, I = 1, P = 0, R = -1, n = 500, N = 1, P = 0, w = 1, a = 0.1, b = 1000, e = 1, f = 1, g = 10, h = 0.1, r = 1543269544, s = 1, S = 0, x = 10, m = 0, Z = 1, z = 0, T = 1, t = 1
# 808933 tokens in 49691 sentences
#
# It	Temp	Time	-logP	tables	same	changed	reject	default_pya	(parent pym pyn pya pyb)*
0	1	30.9987	3.48982e+06	529897	0	49691	0	0.1 Prefix 49691 49691 0.1 1000 Suffix 49691 49691 0.1 1000 Stem 49691 49691 0.1 1000 PrefixMorph 81163 81163 0.1 1000 SubMorph 299661 299661 0.1 1000
10	1	3252.43	1.38737e+06	37167	1573	48118	0	0.1 Prefix 10662 49691 0.0403387 3641 Suffix 9307 49691 0.211763 1842.92 Stem 9034 49691 0.344649 1030.61 PrefixMorph 4872 19062 0.0181223 1862.82 SubMorph 3292 22472 0.00115869 996.571
20	1	4099.46	1.35566e+06	33842	1707	47984	1	0.1 Prefix 10431 49691 0.043196 3513.28 Suffix 8422 49691 0.254864 1307.4 Stem 8341 49691 0.376514 754.244 PrefixMorph 4426 18737 0.00428726 1703.53 SubMorph 2222 21193 0.00379176 593.044
30	1	4880.74	1.3404e+06	32049	1771	47920	1	0.1 Prefix 10446 49691 0.0635228 3340.76 Suffix 7603 49691 0.266936 1120.7 Stem 8060 49691 0.3897 702.677 PrefixMorph 4047 18727 0.00479908 1488.75 SubMorph 1893 20440 0.0021554 487.753
40	1	5631.04	1.33515e+06	31471	1726	47965	0	0.1 Prefix 10517 49691 0.042768 3575.06 Suffix 7289 49691 0.295428 928.682 Stem 8006 49691 0.397764 607.462 PrefixMorph 3941 19075 6.18883e-05 1419.19 SubMorph 1718 20316 0.00777196 427.541
50	1	6369.28	1.32589e+06	31198	1698	47993	0	0.1 Prefix 10753 49691 0.0999968 3123.04 Suffix 7066 49691 0.332085 733.248 Stem 7754 49691 0.40542 592.359 PrefixMorph 4005 19196 0.00184003 1456.66 SubMorph 1620 20131 0.0188206 385.826
60	1	7094.52	1.32541e+06	30867	1645	48046	0	0.1 Prefix 10855 49691 0.0818079 3465.31 Suffix 6790 49691 0.31102 777.023 Stem 7697 49691 0.396902 588.141 PrefixMorph 3939 19428 0.00290357 1390.19 SubMorph 1586 20033 0.00437535 358.232
70	1	7823.24	1.32498e+06	30143	1593	48098	1	0.1 Prefix 10908 49691 0.107839 3243 Suffix 6138 49691 0.301748 662.137 Stem 7722 49691 0.39708 570.942 PrefixMorph 3862 19507 0.000213292 1401.07 SubMorph 1513 20082 0.0011627 359.582
80	1	8537.85	1.32137e+06	30270	1519	48172	0	0.1 Prefix 11083 49691 0.116639 3132.55 Suffix 5915 49691 0.29707 632.894 Stem 7783 49691 0.412105 574.501 PrefixMorph 3978 19760 0.00398961 1393.53 SubMorph 1511 20294 0.00845011 359.164
90	1	9258.54	1.3172e+06	30216	1437	48254	0	0.1 Prefix 11239 49691 0.132346 3152.43 Suffix 6015 49691 0.334034 536.636 Stem 7482 49691 0.384877 663.536 PrefixMorph 3995 19989 0.0115182 1401.78 SubMorph 1485 19760 0.000804855 366.773
100	1	9976.39	1.31613e+06	29686	1436	48255	0	0.1 Prefix 11358 49691 0.126938 3269.52 Suffix 5672 49691 0.344701 463.825 Stem 7339 49691 0.363646 655.814 PrefixMorph 3932 20229 0.000506028 1390.16 SubMorph 1385 19550 0.000336503 330.501
110	1	10685.8	1.31261e+06	29966	1382	48309	0	0.1 Prefix 11453 49691 0.137203 3253.97 Suffix 5692 49691 0.363428 450.216 Stem 7471 49691 0.387773 580.413 PrefixMorph 3901 20314 0.0102392 1312.19 SubMorph 1449 19750 0.00774308 339.905
120	1	11396.6	1.30961e+06	30012	1404	48287	0	0.1 Prefix 11486 49691 0.107485 3495.43 Suffix 5577 49691 0.365997 410.438 Stem 7453 49691 0.405352 570.267 PrefixMorph 4044 20283 0.0269126 1336.11 SubMorph 1452 19906 0.0106402 334.039
130	1	12089.9	1.30998e+06	29309	1320	48371	0	0.1 Prefix 11655 49691 0.150871 3181.21 Suffix 4903 49691 0.343971 368.04 Stem 7312 49691 0.383583 601.806 PrefixMorph 4016 20621 0.0104915 1399.45 SubMorph 1423 19657 0.00149395 360.206
140	1	12774.9	1.31018e+06	29331	1254	48437	0	0.1 Prefix 11598 49691 0.164472 3052.31 Suffix 5017 49691 0.35618 353.391 Stem 7224 49691 0.385111 578.921 PrefixMorph 4042 20578 0.00650372 1372.28 SubMorph 1450 19661 0.00101029 353.792
150	1	13478.5	1.31323e+06	29857	1303	48388	1	0.1 Prefix 11755 49691 0.132236 3307.87 Suffix 5429 49691 0.375787 365.579 Stem 7290 49691 0.406508 513.911 PrefixMorph 3988 20787 0.0033589 1426.04 SubMorph 1395 19682 0.00193244 316.04
160	1	14174.2	1.31023e+06	29868	1220	48471	0	0.1 Prefix 11815 49691 0.147776 3278.93 Suffix 5308 49691 0.362462 349.142 Stem 7243 49691 0.379055 587.829 PrefixMorph 4028 20836 0.00780543 1398.75 SubMorph 1474 19561 0.00876534 353.644
170	1	14865.2	1.3066e+06	29402	1189	48502	1	0.1 Prefix 11857 49691 0.138328 3467.28 Suffix 4915 49691 0.341728 353.746 Stem 7202 49691 0.397608 533.105 PrefixMorph 4045 20779 0.0122555 1381 SubMorph 1383 19734 0.000106561 334.696
180	1	15549.4	1.30336e+06	29014	1183	48508	0	0.1 Prefix 11885 49691 0.154784 3291.96 Suffix 4602 49691 0.37269 269.296 Stem 7128 49691 0.388453 549.669 PrefixMorph 3973 20985 0.00514312 1425.58 SubMorph 1426 19408 0.00063328 338.532
190	1	16214.9	1.30177e+06	28508	1113	48578	0	0.1 Prefix 11982 49691 0.179351 3050.92 Suffix 4257 49691 0.304555 364.013 Stem 6889 49691 0.363815 569.902 PrefixMorph 4001 21202 0.0196965 1316.83 SubMorph 1379 19094 0.00180742 334.999
200	1	16866	1.30062e+06	28624	987	48704	0	0.1 Prefix 12125 49691 0.163507 3202.7 Suffix 4026 49691 0.342709 257.072 Stem 7056 49691 0.380604 595.909 PrefixMorph 4006 21384 0.00537377 1394.12 SubMorph 1411 19365 0.00230423 347.059
210	1	17510.6	1.29983e+06	28435	1030	48661	0	0.1 Prefix 12173 49691 0.163667 3361.53 Suffix 4018 49691 0.32987 291.412 Stem 6953 49691 0.360466 649.193 PrefixMorph 3929 21540 0.00182992 1373.57 SubMorph 1362 19061 0.0042782 315.348
220	1	18169.7	1.29937e+06	28054	1024	48667	0	0.1 Prefix 12196 49691 0.166373 3359.55 Suffix 3712 49691 0.332275 253.695 Stem 6839 49691 0.348212 632.67 PrefixMorph 3973 21543 0.00479097 1319.64 SubMorph 1334 19098 0.0117139 302.219
230	1	18829.2	1.30135e+06	28356	948	48743	0	0.1 Prefix 12311 49691 0.179707 3245.58 Suffix 3588 49691 0.273337 323.391 Stem 6881 49691 0.382512 526.794 PrefixMorph 4149 21554 0.00731503 1418.46 SubMorph 1427 19340 0.0156664 342.257
240	1	19492.5	1.30375e+06	28576	929	48762	0	0.1 Prefix 12419 49691 0.225977 2901.37 Suffix 3637 49691 0.280617 304.641 Stem 6995 49691 0.358605 636.959 PrefixMorph 4097 21631 0.0012814 1395.31 SubMorph 1428 19389 0.00508922 324.256
250	1	20165	1.30217e+06	28574	958	48733	0	0.1 Prefix 12346 49691 0.20498 3024.33 Suffix 3628 49691 0.30097 289.654 Stem 7039 49691 0.371873 595.22 PrefixMorph 4195 21548 0.000361051 1454.11 SubMorph 1366 19770 0.0140345 325.978
260	1	20828.2	1.30362e+06	28445	885	48806	1	0.1 Prefix 12462 49691 0.180928 3303.83 Suffix 3563 49691 0.274091 313.487 Stem 6933 49691 0.343729 646.637 PrefixMorph 4144 21814 0.000383727 1424.12 SubMorph 1343 19373 0.0200609 296.213
270	1	21490.4	1.30217e+06	28409	879	48812	0	0.1 Prefix 12311 49691 0.182964 3196.05 Suffix 3598 49691 0.314299 253.475 Stem 6990 49691 0.363728 586.858 PrefixMorph 4153 21618 0.0025417 1508.49 SubMorph 1357 19600 0.0102474 321.669
280	1	22156.9	1.30322e+06	28486	806	48885	2	0.1 Prefix 12420 49691 0.191513 3172.99 Suffix 3466 49691 0.282988 294.907 Stem 7016 49691 0.369573 593.067 PrefixMorph 4206 21808 0.00269723 1420.14 SubMorph 1378 19599 0.00394798 330.901
290	1	22820.8	1.29952e+06	28502	805	48886	0	0.1 Prefix 12231 49691 0.179801 3247.88 Suffix 3683 49691 0.331107 241.658 Stem 7090 49691 0.378795 547.679 PrefixMorph 4129 21501 0.00122207 1416.32 SubMorph 1369 19646 0.00427367 332.284
300	1	23478.4	1.30043e+06	27978	771	48920	0	0.1 Prefix 12332 49691 0.184693 3140.01 Suffix 3322 49691 0.269542 299.289 Stem 6819 49691 0.356857 581.762 PrefixMorph 4154 21783 0.00493633 1423.55 SubMorph 1351 19402 0.00664332 307.629
310	1	24126.5	1.29774e+06	27965	728	48963	1	0.1 Prefix 12476 49691 0.199732 3112.56 Suffix 3051 49691 0.279704 240.027 Stem 7024 49691 0.361187 637.77 PrefixMorph 4091 21805 0.000828633 1424.67 SubMorph 1323 19689 0.000118975 302.317
320	1	24766.4	1.29551e+06	27841	744	48947	1	0.1 Prefix 12339 49691 0.19967 3028.22 Suffix 3112 49691 0.294199 227.036 Stem 6926 49691 0.371073 585.693 PrefixMorph 4144 21703 0.000289063 1445.81 SubMorph 1320 19624 0.00242128 303.774
330	1	25407.9	1.29453e+06	27941	752	48939	0	0.1 Prefix 12384 49691 0.189249 3187.99 Suffix 3128 49691 0.307766 195.71 Stem 6934 49691 0.368404 607.464 PrefixMorph 4132 21892 0.00109182 1459.61 SubMorph 1363 19563 0.00314192 324.827
340	1	26050.5	1.2958e+06	28048	718	48973	0	0.1 Prefix 12343 49691 0.183455 3209.21 Suffix 3233 49691 0.331671 198.652 Stem 6982 49691 0.36687 594.245 PrefixMorph 4096 21646 0.00259909 1394.33 SubMorph 1394 19600 0.00207121 325.26
350	1	26699.4	1.2952e+06	28155	716	48975	1	0.1 Prefix 12429 49691 0.203361 3086.11 Suffix 3258 49691 0.345071 191.223 Stem 6885 49691 0.328573 704.944 PrefixMorph 4215 21784 0.00625705 1475.27 SubMorph 1368 19641 0.0104135 328.224
360	1	27349.5	1.29725e+06	27982	618	49073	0	0.1 Prefix 12353 49691 0.198307 3062.81 Suffix 3087 49691 0.31732 200.413 Stem 6976 49691 0.333182 703.051 PrefixMorph 4180 21771 0.0111466 1448.26 SubMorph 1386 19581 0.000330884 328.675
370	1	27993.4	1.2942e+06	28014	630	49061	0	0.1 Prefix 12507 49691 0.189022 3264.53 Suffix 3129 49691 0.3263 177.195 Stem 6847 49691 0.325039 734.125 PrefixMorph 4216 22005 0.00266639 1460.45 SubMorph 1315 19444 0.0151624 292.655
380	1	28630.9	1.29231e+06	28098	624	49067	0	0.1 Prefix 12567 49691 0.213863 3003.98 Suffix 3130 49691 0.348567 172.939 Stem 6852 49691 0.334806 670.868 PrefixMorph 4193 21972 0.014022 1455.53 SubMorph 1356 19508 0.0144151 305.711
390	1	29272.6	1.29118e+06	28176	627	49064	1	0.1 Prefix 12510 49691 0.206833 2994.52 Suffix 3179 49691 0.339085 182.832 Stem 6991 49691 0.362954 591.72 PrefixMorph 4135 21852 0.00356458 1472.03 SubMorph 1361 19689 0.00362475 306.358
400	1	29910.8	1.29347e+06	27901	604	49087	2	0.1 Prefix 12494 49691 0.18721 3273.34 Suffix 3016 49691 0.336927 163.56 Stem 6906 49691 0.331189 722.747 PrefixMorph 4159 21920 0.0139258 1425.19 SubMorph 1326 19647 0.00388416 307.54
410	1	30545.8	1.29344e+06	27988	563	49128	0	0.1 Prefix 12583 49691 0.210775 3194.63 Suffix 3082 49691 0.355423 149.592 Stem 6894 49691 0.355757 656.47 PrefixMorph 4096 21973 0.000159365 1401.15 SubMorph 1333 19520 0.00593091 321.048
420	1	31187	1.29906e+06	28109	576	49115	1	0.1 Prefix 12447 49691 0.20414 3030.95 Suffix 3096 49691 0.282603 248.796 Stem 6998 49691 0.345242 685.195 PrefixMorph 4234 21879 0.000618714 1528.42 SubMorph 1334 19795 0.0130683 295.592
430	1	31827.2	1.29584e+06	28113	575	49116	2	0.1 Prefix 12558 49691 0.210178 3047.68 Suffix 3017 49691 0.300596 216.233 Stem 6948 49691 0.348245 655.572 PrefixMorph 4228 21931 0.000164137 1439.44 SubMorph 1362 19783 0.00034596 323.026
440	1	32463.4	1.2923e+06	27951	580	49111	0	0.1 Prefix 12568 49691 0.195939 3204.09 Suffix 2885 49691 0.320855 161.341 Stem 6895 49691 0.361555 638.952 PrefixMorph 4261 21882 0.00192922 1461.47 SubMorph 1342 19673 0.00122549 310.613
450	1	33092.7	1.29002e+06	27956	568	49123	0	0.1 Prefix 12560 49691 0.226061 2922.96 Suffix 2956 49691 0.342781 163.832 Stem 6940 49691 0.351846 639.108 PrefixMorph 4174 22010 0.00149312 1430.41 SubMorph 1326 19599 0.00826473 302.955
460	1	33730.2	1.28986e+06	27942	494	49197	0	0.1 Prefix 12633 49691 0.21962 3016.65 Suffix 2813 49691 0.322965 161.331 Stem 6833 49691 0.344188 662.544 PrefixMorph 4315 22146 0.000743573 1514.91 SubMorph 1348 19582 0.00416028 317.879
470	1	34367.3	1.2888e+06	28227	554	49137	0	0.1 Prefix 12634 49691 0.242807 2860.43 Suffix 3006 49691 0.345408 161.157 Stem 6927 49691 0.332442 672.174 PrefixMorph 4266 21987 0.00312648 1529.65 SubMorph 1394 19708 0.0075034 326.128
480	1	34999.4	1.28398e+06	27726	529	49162	0	0.1 Prefix 12580 49691 0.220048 3061.48 Suffix 2739 49691 0.320764 145.072 Stem 6824 49691 0.330062 713.281 PrefixMorph 4211 22027 0.00624182 1481.79 SubMorph 1372 19403 0.00801965 326.98
490	1	35627.7	1.27854e+06	27787	508	49183	1	0.1 Prefix 12662 49691 0.233031 2989.62 Suffix 2817 49691 0.371379 121.117 Stem 6855 49691 0.351044 609.729 PrefixMorph 4145 22060 0.00355104 1407.76 SubMorph 1308 19477 0.00244586 310.75
500	1	36262.5	1.27671e+06	28239	499	49192	1	0.1 Prefix 12794 49691 0.216558 3134.22 Suffix 3058 49691 0.395242 123.648 Stem 6880 49691 0.352229 626.501 PrefixMorph 4140 22186 0.00454466 1456.28 SubMorph 1367 19520 0.0340175 293.764
