# D = 1, E = 1, I = 1, P = 0, R = -1, n = 500, N = 1, P = 0, w = 1, a = 0.1, b = 1000, e = 1, f = 1, g = 10, h = 0.1, r = 1629240474, s = 1, S = 0, x = 10, m = 0, Z = 1, z = 0, T = 1, t = 1
# 703628 tokens in 50000 sentences
#
# It	Temp	Time	-logP	tables	same	changed	reject	default_pya	(parent pym pyn pya pyb)*
0	1	18.4985	2.59957e+06	469187	0	50000	0	0.1 Prefix 50000 50000 0.1 1000 Suffix 50000 50000 0.1 1000 Stem 50000 50000 0.1 1000 PrefixMorph 113478 113478 0.1 1000 SuffixMorph 102676 102676 0.1 1000 SubMorph 103033 103033 0.1 1000
10	1	1346.49	1.29975e+06	25672	872	49128	0	0.1 Prefix 6858 50000 0.0879369 1595.02 Suffix 5482 50000 0.00256733 1529.67 Stem 6873 50000 0.189223 1234.08 PrefixMorph 2726 11938 0.418468 247.277 SuffixMorph 2614 8176 0.389517 452.118 SubMorph 1119 10593 0.000575335 308.458
20	1	1698.83	1.22402e+06	19206	1578	48422	0	0.1 Prefix 5478 50000 0.150837 972.124 Suffix 3872 50000 0.00124997 904.134 Stem 5756 50000 0.187594 926.708 PrefixMorph 1630 9356 0.44849 111.179 SuffixMorph 1685 5563 0.505846 183.357 SubMorph 785 9707 0.00771787 185.559
30	1	2012.64	1.18679e+06	16154	2182	47818	0	0.1 Prefix 5053 50000 0.196414 742.08 Suffix 3100 50000 0.00282304 683.452 Stem 5095 50000 0.141797 888.821 PrefixMorph 1118 8400 0.332712 128.202 SuffixMorph 1137 4570 0.463076 111.808 SubMorph 651 9123 0.0348941 165.527
40	1	2307.77	1.16242e+06	15295	2706	47294	1	0.1 Prefix 5242 50000 0.270694 598.467 Suffix 2643 50000 0.0381974 509.262 Stem 5105 50000 0.16231 830.394 PrefixMorph 843 8272 0.151236 136.758 SuffixMorph 867 3899 0.473179 70.5192 SubMorph 595 9301 0.00429041 128.692
50	1	2594.12	1.14429e+06	14446	3339	46661	0	0.1 Prefix 5097 50000 0.318691 451.641 Suffix 2421 50000 0.0233646 481.86 Stem 4838 50000 0.135942 875.273 PrefixMorph 762 8067 0.0398307 173.903 SuffixMorph 747 3542 0.46384 55.5636 SubMorph 581 9172 0.0116979 133.057
60	1	2874.35	1.13318e+06	14220	3869	46131	0	0.1 Prefix 5142 50000 0.340639 381.614 Suffix 2199 50000 0.0630731 370.721 Stem 4961 50000 0.189649 731.58 PrefixMorph 707 8089 0.0418888 161.352 SuffixMorph 653 3305 0.290017 101.589 SubMorph 558 9381 0.00155906 123.816
70	1	3148.81	1.12119e+06	13808	4416	45584	0	0.1 Prefix 5071 50000 0.341345 390.95 Suffix 2020 50000 0.0354505 372.148 Stem 4912 50000 0.203968 688.435 PrefixMorph 628 7910 0.0592371 141.182 SuffixMorph 643 3075 0.311173 85.8378 SubMorph 534 9400 0.00884962 115.719
80	1	3419.17	1.11163e+06	13412	5169	44831	0	0.1 Prefix 4873 50000 0.37155 309.88 Suffix 1941 50000 0.0234362 354.016 Stem 4862 50000 0.174017 739.468 PrefixMorph 660 7657 0.0240546 161.683 SuffixMorph 533 2929 0.288185 79.8889 SubMorph 543 9361 0.012768 120.746
90	1	3688.73	1.10611e+06	13317	5588	44412	0	0.1 Prefix 5002 50000 0.37569 327.011 Suffix 1928 50000 0.0943891 298.243 Stem 4769 50000 0.15219 809.315 PrefixMorph 638 7762 0.0259519 144.076 SuffixMorph 456 2881 0.240809 72.0474 SubMorph 524 9343 0.00423891 115.316
100	1	3956.25	1.10302e+06	13448	5717	44283	0	0.1 Prefix 5012 50000 0.387134 297.61 Suffix 2000 50000 0.138191 265.406 Stem 4799 50000 0.166463 764.319 PrefixMorph 596 7734 0.085223 113.163 SuffixMorph 519 2930 0.340186 62.7621 SubMorph 522 9429 0.00391886 120.943
110	1	4223.67	1.09786e+06	13142	5882	44118	0	0.1 Prefix 4848 50000 0.373439 319.864 Suffix 1834 50000 0.118646 244.947 Stem 4852 50000 0.163596 741.002 PrefixMorph 549 7498 0.00026029 131.294 SuffixMorph 530 2699 0.289495 78.8544 SubMorph 529 9581 0.0309921 101.911
120	1	4495.98	1.09535e+06	13156	6258	43742	1	0.1 Prefix 4950 50000 0.380583 312.587 Suffix 1884 50000 0.133221 239.755 Stem 4770 50000 0.127347 861.714 PrefixMorph 546 7474 0.0447663 108.889 SuffixMorph 476 2735 0.182433 102.443 SubMorph 530 9454 0.0062813 122.454
130	1	4770.66	1.09277e+06	13086	6060	43940	1	0.1 Prefix 5030 50000 0.397509 277.203 Suffix 1732 50000 0.126853 214.011 Stem 4766 50000 0.141761 825.326 PrefixMorph 569 7631 0.00354669 135.558 SuffixMorph 470 2569 0.37554 46.4124 SubMorph 519 9525 0.00295731 113.791
140	1	5041.28	1.0896e+06	13120	6506	43494	0	0.1 Prefix 5055 50000 0.397974 294.765 Suffix 1756 50000 0.140791 206.755 Stem 4870 50000 0.181116 745.112 PrefixMorph 551 7605 0.0547261 107.913 SuffixMorph 389 2579 0.18216 73.5499 SubMorph 499 9678 0.00341057 109.947
150	1	5311.52	1.08901e+06	13098	6609	43391	0	0.1 Prefix 5076 50000 0.395001 261.389 Suffix 1825 50000 0.144604 202.697 Stem 4863 50000 0.117197 870.044 PrefixMorph 507 7564 0.00625861 105.217 SuffixMorph 351 2660 0.0377448 104.314 SubMorph 476 9761 0.0119089 102.322
160	1	5582.09	1.0858e+06	12907	6912	43088	0	0.1 Prefix 4954 50000 0.40599 257.259 Suffix 1785 50000 0.158735 189.818 Stem 4798 50000 0.105806 924.96 PrefixMorph 524 7513 0.0181886 118.273 SuffixMorph 355 2615 0.105048 80.0542 SubMorph 491 9657 0.0281985 105.449
170	1	5846.76	1.0827e+06	12910	7068	42932	1	0.1 Prefix 4858 50000 0.402883 241.823 Suffix 1851 50000 0.192508 187.78 Stem 4840 50000 0.149988 798.678 PrefixMorph 554 7331 0.0187625 135.853 SuffixMorph 331 2698 0.0255756 97.6178 SubMorph 476 9712 0.00815484 106.481
180	1	6110.71	1.0812e+06	13101	7401	42599	1	0.1 Prefix 5101 50000 0.39326 264.173 Suffix 1832 50000 0.17198 188.496 Stem 4861 50000 0.148648 821.805 PrefixMorph 527 7489 0.0539898 104.309 SuffixMorph 291 2688 0.102918 53.9461 SubMorph 489 9808 0.017771 94.3168
190	1	6368.79	1.07966e+06	12948	7524	42476	1	0.1 Prefix 5061 50000 0.398209 267.227 Suffix 1752 50000 0.156478 216.589 Stem 4873 50000 0.120106 945.528 PrefixMorph 461 7392 0.011952 98.2206 SuffixMorph 300 2570 0.11037 61.9297 SubMorph 501 9859 0.00769215 109.527
200	1	6624.04	1.07832e+06	12914	7724	42276	0	0.1 Prefix 4952 50000 0.399478 255.849 Suffix 1762 50000 0.168786 186.036 Stem 4781 50000 0.146275 814.067 PrefixMorph 518 7345 0.0449164 116.599 SuffixMorph 397 2576 0.312745 43.8785 SubMorph 504 9708 0.00617217 106.086
210	1	6882.69	1.07593e+06	12881	7822	42178	0	0.1 Prefix 4849 50000 0.414402 235.023 Suffix 1689 50000 0.165865 167.499 Stem 4876 50000 0.140852 849.913 PrefixMorph 560 7299 0.000823724 134.407 SuffixMorph 402 2475 0.240704 66.2047 SubMorph 505 9891 0.0191311 107.4
220	1	7146.21	1.07659e+06	12951	7757	42243	0	0.1 Prefix 4945 50000 0.428392 211.559 Suffix 1719 50000 0.179161 154.055 Stem 4854 50000 0.115428 940.226 PrefixMorph 565 7245 0.0119005 136.224 SuffixMorph 377 2552 0.117831 96.3232 SubMorph 491 9868 0.0123045 103.72
230	1	7409.53	1.07572e+06	12882	7650	42350	0	0.1 Prefix 4906 50000 0.421143 248.985 Suffix 1732 50000 0.200458 156.344 Stem 4849 50000 0.131535 866.682 PrefixMorph 546 7323 0.00732464 130.702 SuffixMorph 348 2572 0.177535 55.4649 SubMorph 501 9859 0.000117178 107.646
240	1	7671.16	1.0755e+06	13102	7754	42246	1	0.1 Prefix 5072 50000 0.44242 201.016 Suffix 1759 50000 0.195357 170.067 Stem 4912 50000 0.13719 894.961 PrefixMorph 529 7438 0.0905979 95.7447 SuffixMorph 312 2541 0.0850072 76.6494 SubMorph 518 9921 0.0104405 112.153
250	1	7946.44	1.076e+06	12854	7736	42264	0	0.1 Prefix 4933 50000 0.430693 215.825 Suffix 1739 50000 0.175354 186.175 Stem 4838 50000 0.121604 909.51 PrefixMorph 525 7172 0.0396289 102.053 SuffixMorph 312 2526 0.0236259 85.3877 SubMorph 507 9924 0.0125001 109.92
260	1	8218.17	1.07446e+06	12875	7835	42165	0	0.1 Prefix 4850 50000 0.41411 238.992 Suffix 1701 50000 0.174778 177.565 Stem 4967 50000 0.148251 850.586 PrefixMorph 567 7122 0.0363453 129.523 SuffixMorph 289 2488 0.0135596 70.828 SubMorph 501 10081 0.00564452 112.509
270	1	8479.26	1.07116e+06	12808	8089	41911	0	0.1 Prefix 4881 50000 0.445755 200.778 Suffix 1669 50000 0.143211 188.404 Stem 4889 50000 0.153475 779.815 PrefixMorph 567 7110 0.0133138 138.743 SuffixMorph 312 2446 0.196771 53.4332 SubMorph 490 9978 0.0152176 99.1539
280	1	8741.92	1.07172e+06	12895	8210	41790	1	0.1 Prefix 5003 50000 0.441086 206.861 Suffix 1728 50000 0.1643 181.993 Stem 4828 50000 0.154095 790.948 PrefixMorph 582 7314 0.0268547 138.421 SuffixMorph 251 2504 0.00605884 64.2886 SubMorph 503 9919 0.0277062 100.089
290	1	9001.75	1.06629e+06	12728	8467	41533	1	0.1 Prefix 4762 50000 0.436006 191.589 Suffix 1668 50000 0.158983 177.257 Stem 4909 50000 0.157156 840.623 PrefixMorph 604 7041 0.0280318 136.964 SuffixMorph 278 2467 0.185567 40.5985 SubMorph 507 10045 0.00592806 112.675
300	1	9258.94	1.06643e+06	12654	8268	41732	0	0.1 Prefix 4734 50000 0.434139 206.63 Suffix 1613 50000 0.167545 163.766 Stem 4952 50000 0.136783 885.139 PrefixMorph 590 7019 0.00996536 138.574 SuffixMorph 281 2407 0.0543125 65.7761 SubMorph 484 10161 0.0157878 98.2428
310	1	9513.62	1.06377e+06	12685	8605	41395	1	0.1 Prefix 4711 50000 0.42774 224.696 Suffix 1667 50000 0.216354 145.459 Stem 5002 50000 0.161929 833.52 PrefixMorph 533 7012 0.0010815 128.857 SuffixMorph 274 2455 0.0491487 63.6795 SubMorph 498 10264 0.00181895 104.735
320	1	9775.76	1.06126e+06	12576	8686	41314	0	0.1 Prefix 4552 50000 0.44234 150.865 Suffix 1655 50000 0.181157 158.136 Stem 5023 50000 0.173498 820.303 PrefixMorph 567 6844 0.0243336 126.219 SuffixMorph 280 2463 0.0990036 53.2281 SubMorph 499 10279 0.0165156 104.129
330	1	10034.4	1.05773e+06	12225	8899	41101	0	0.1 Prefix 4350 50000 0.456139 151.242 Suffix 1686 50000 0.169592 183.375 Stem 4867 50000 0.15382 800.016 PrefixMorph 549 6749 0.0299219 138.329 SuffixMorph 279 2454 0.033631 73.4215 SubMorph 494 10028 0.000388741 105.126
340	1	10295.2	1.06168e+06	12628	8826	41174	0	0.1 Prefix 4644 50000 0.443094 180.241 Suffix 1799 50000 0.224505 148.451 Stem 4903 50000 0.134823 861.554 PrefixMorph 530 6963 0.0354877 123.741 SuffixMorph 248 2593 0.00464546 60.8697 SubMorph 504 10178 0.0050257 103.454
350	1	10557.4	1.0641e+06	12884	8534	41466	0	0.1 Prefix 4839 50000 0.475231 142.674 Suffix 1767 50000 0.194426 155.673 Stem 4981 50000 0.150667 874.072 PrefixMorph 543 7162 0.0091883 130.038 SuffixMorph 265 2550 0.0267721 66.8924 SubMorph 489 10259 0.0251019 96.3766
360	1	10819.6	1.06493e+06	12789	8463	41537	0	0.1 Prefix 4806 50000 0.445565 176.371 Suffix 1738 50000 0.216326 152.109 Stem 4914 50000 0.124339 929.361 PrefixMorph 537 7018 0.0447513 115.554 SuffixMorph 278 2518 0.0636038 70.6573 SubMorph 516 10133 0.0136772 109.403
370	1	11078.8	1.06206e+06	12591	8781	41219	1	0.1 Prefix 4745 50000 0.45199 180.592 Suffix 1697 50000 0.192637 157.314 Stem 4834 50000 0.125023 892.524 PrefixMorph 513 6867 0.000204089 122.32 SuffixMorph 302 2470 0.0926913 62.8899 SubMorph 500 10050 0.0397619 91.2871
380	1	11337.5	1.06197e+06	12595	8550	41450	1	0.1 Prefix 4625 50000 0.445381 164.325 Suffix 1699 50000 0.178754 177.761 Stem 4964 50000 0.146506 868.872 PrefixMorph 521 6816 0.0193227 129.617 SuffixMorph 285 2496 0.0495614 75.566 SubMorph 501 10258 0.00210799 119.348
390	1	11592.6	1.06023e+06	12543	8615	41385	0	0.1 Prefix 4532 50000 0.446381 160.607 Suffix 1697 50000 0.220957 139.885 Stem 4934 50000 0.157928 791.501 PrefixMorph 562 6712 0.00639976 131.353 SuffixMorph 315 2469 0.072421 77.4282 SubMorph 503 10273 0.00987774 102.938
400	1	11847.1	1.05546e+06	12566	9107	40893	0	0.1 Prefix 4604 50000 0.464238 158.2 Suffix 1647 50000 0.209215 137.063 Stem 4950 50000 0.157281 840.037 PrefixMorph 565 6789 0.0351681 130.602 SuffixMorph 309 2425 0.0425455 80.0263 SubMorph 491 10258 0.0105001 106.792
410	1	12101.4	1.05547e+06	12638	9431	40569	0	0.1 Prefix 4655 50000 0.476015 130.879 Suffix 1671 50000 0.198116 141.937 Stem 4897 50000 0.120607 906.77 PrefixMorph 584 6858 0.0463331 127.671 SuffixMorph 331 2449 0.265476 44.4819 SubMorph 500 10168 0.0110909 96.5198
420	1	12354.4	1.05504e+06	12685	9318	40682	0	0.1 Prefix 4687 50000 0.469976 144.982 Suffix 1689 50000 0.217582 135.883 Stem 4943 50000 0.127314 909.109 PrefixMorph 569 6922 0.0107993 131.319 SuffixMorph 310 2419 0.185658 55.1461 SubMorph 487 10326 0.0158199 101.12
430	1	12608.6	1.05775e+06	12817	9256	40744	1	0.1 Prefix 4812 50000 0.482682 145.864 Suffix 1735 50000 0.203887 138.758 Stem 4899 50000 0.120114 885.858 PrefixMorph 563 6995 0.0199105 139.665 SuffixMorph 320 2495 0.0578026 85.9881 SubMorph 488 10177 0.00731162 98.9547
440	1	12862.6	1.05591e+06	12679	9314	40686	0	0.1 Prefix 4732 50000 0.456931 174.326 Suffix 1711 50000 0.224468 142.019 Stem 4872 50000 0.11338 959.99 PrefixMorph 554 6801 0.025512 127.667 SuffixMorph 332 2434 0.105135 80.6534 SubMorph 478 10285 0.00700836 95.735
450	1	13114.9	1.05696e+06	12779	9075	40925	1	0.1 Prefix 4699 50000 0.438501 189.81 Suffix 1721 50000 0.216794 155.167 Stem 4989 50000 0.149889 853.077 PrefixMorph 542 6816 0.00880129 132.138 SuffixMorph 336 2465 0.0190179 106.168 SubMorph 492 10357 0.00326805 107.651
460	1	13368.3	1.05506e+06	12613	9142	40858	0	0.1 Prefix 4690 50000 0.45461 153.502 Suffix 1663 50000 0.202512 138.81 Stem 4952 50000 0.138317 870.716 PrefixMorph 506 6871 0.0335402 104.325 SuffixMorph 311 2378 0.103038 71.4212 SubMorph 491 10339 0.00632043 106.006
470	1	13621	1.0527e+06	12496	9486	40514	2	0.1 Prefix 4558 50000 0.438055 188.354 Suffix 1737 50000 0.220995 145.607 Stem 4930 50000 0.140832 856.63 PrefixMorph 510 6613 0.029292 118.304 SuffixMorph 272 2471 0.0270137 64.4303 SubMorph 489 10349 0.0101667 111.377
480	1	13876.8	1.05242e+06	12662	9343	40657	0	0.1 Prefix 4692 50000 0.444452 180.343 Suffix 1719 50000 0.215434 142.282 Stem 4954 50000 0.14128 861.076 PrefixMorph 499 6893 0.0117844 113.661 SuffixMorph 302 2470 0.182133 48.0343 SubMorph 496 10307 0.0197994 107.319
490	1	14129	1.0532e+06	12731	9228	40772	0	0.1 Prefix 4700 50000 0.46938 140.532 Suffix 1743 50000 0.199175 153.128 Stem 4965 50000 0.127737 921.937 PrefixMorph 531 6836 0.00318774 121.745 SuffixMorph 274 2450 0.0154463 65.7881 SubMorph 518 10341 0.0279782 102.734
500	1	14380.7	1.05172e+06	12736	9219	40781	0	0.1 Prefix 4793 50000 0.481308 110.996 Suffix 1746 50000 0.20269 146.682 Stem 4900 50000 0.141957 878.473 PrefixMorph 502 7013 0.0156829 107.808 SuffixMorph 284 2452 0.145404 62.6519 SubMorph 511 10329 0.0129232 105.717
