# D = 1, E = 1, I = 1, P = 0, R = -1, n = 500, N = 1, P = 0, w = 1, a = 0.1, b = 1000, e = 1, f = 1, g = 10, h = 0.1, r = 1629240509, s = 1, S = 0, x = 10, m = 0, Z = 1, z = 0, T = 1, t = 1
# 703628 tokens in 50000 sentences
#
# It	Temp	Time	-logP	tables	same	changed	reject	default_pya	(parent pym pyn pya pyb)*
0	1	21.1129	2.50783e+06	419965	0	50000	0	0.1 StemSuffixMorphs 50000 50000 0.1 1000 PrefixMorph 113736 113736 0.1 1000 Stem 50000 50000 0.1 1000 SubMorph 103352 103352 0.1 1000 SuffixMorph 102877 102877 0.1 1000
10	1	1838.98	1.5302e+06	53938	4170	45830	1	0.1 StemSuffixMorphs 25848 50000 0.552535 4318.74 PrefixMorph 15859 84519 0.418687 1303.11 Stem 4088 25848 0.0855734 1056.16 SubMorph 959 8423 0.0111484 243.81 SuffixMorph 7184 41762 0.387788 665.763
20	1	2562.54	1.37448e+06	49758	6921	43079	0	0.1 StemSuffixMorphs 27428 50000 0.611276 4071.47 PrefixMorph 11963 73702 0.498475 505.713 Stem 3853 27428 0.00367698 1164.75 SubMorph 641 8904 0.000858078 160.006 SuffixMorph 5873 40255 0.466486 314.498
30	1	3134.41	1.31592e+06	46611	8348	41652	0	0.1 StemSuffixMorphs 27579 50000 0.612894 4039.01 PrefixMorph 9653 70537 0.476776 413.284 Stem 3948 27579 0.0242395 1142.44 SubMorph 564 9314 0.0199833 130.306 SuffixMorph 4867 38790 0.500562 152.929
40	1	3662.73	1.24411e+06	43330	9377	40623	0	0.1 StemSuffixMorphs 28190 50000 0.639725 3722.08 PrefixMorph 7112 66763 0.426164 335.527 Stem 3859 28190 0.0127087 1092.96 SubMorph 502 9234 0.00504596 114.829 SuffixMorph 3667 37110 0.486159 85.3053
50	1	4128.89	1.20656e+06	41035	10819	39181	0	0.1 StemSuffixMorphs 28528 50000 0.638103 3767.06 PrefixMorph 5528 64305 0.388952 276.008 Stem 3875 28528 0.0449169 1022.38 SubMorph 474 9346 0.00604062 101.573 SuffixMorph 2630 36767 0.417727 110.927
60	1	4579.19	1.1812e+06	39692	11564	38436	1	0.1 StemSuffixMorphs 29038 50000 0.644933 3832.23 PrefixMorph 4136 62771 0.306921 306.861 Stem 3893 29038 0.0354859 1061.2 SubMorph 465 9353 0.0183743 92.5286 SuffixMorph 2160 36414 0.387497 76.923
70	1	5002.62	1.16344e+06	39323	12021	37979	0	0.1 StemSuffixMorphs 29380 50000 0.640731 4191.57 PrefixMorph 3782 62190 0.295294 262.702 Stem 3954 29380 0.0434697 1044.34 SubMorph 469 9633 0.0300746 94.7603 SuffixMorph 1738 35899 0.324716 85.9166
80	1	5409.26	1.14977e+06	38766	12560	37440	0	0.1 StemSuffixMorphs 29595 50000 0.641459 4355.83 PrefixMorph 3501 61678 0.308523 217.452 Stem 3937 29595 0.00652163 1145.31 SubMorph 462 9701 0.000727183 103.774 SuffixMorph 1271 35659 0.213539 104.071
90	1	5800.6	1.14075e+06	38345	12763	37237	0	0.1 StemSuffixMorphs 29870 50000 0.646859 4223.5 PrefixMorph 2840 61085 0.233527 239.749 Stem 4005 29870 0.0324286 1097.32 SubMorph 466 9743 0.0358929 87.963 SuffixMorph 1164 35881 0.141588 128.785
100	1	6179.83	1.12585e+06	37341	13253	36747	0	0.1 StemSuffixMorphs 29641 50000 0.649823 4067.46 PrefixMorph 2282 60616 0.125454 296.368 Stem 4064 29641 0.0111207 1182.67 SubMorph 470 9802 0.00099958 95.0597 SuffixMorph 884 35241 0.081949 112.943
110	1	6550.18	1.11525e+06	37105	13518	36482	0	0.1 StemSuffixMorphs 29816 50000 0.663693 3743.19 PrefixMorph 2056 60463 0.142167 230.004 Stem 4009 29816 0.0194774 1123.71 SubMorph 465 9825 0.0446981 87.7416 SuffixMorph 759 35305 0.0836307 104.693
120	1	6935.74	1.11173e+06	37120	13578	36422	0	0.1 StemSuffixMorphs 30010 50000 0.666069 3679.06 PrefixMorph 1948 60153 0.0927213 260.351 Stem 4042 30010 0.0148001 1181.87 SubMorph 455 9767 0.0111486 99.5576 SuffixMorph 665 35444 0.00712342 111.405
130	1	7297.46	1.10573e+06	37038	13718	36282	0	0.1 StemSuffixMorphs 30112 50000 0.653497 4365.7 PrefixMorph 1787 59972 0.0359859 292.327 Stem 4045 30112 0.0104193 1155.81 SubMorph 446 9882 0.00417442 85.913 SuffixMorph 648 35290 0.0506657 88.9815
140	1	7663.05	1.10276e+06	37007	13804	36196	0	0.1 StemSuffixMorphs 30111 50000 0.669008 3815.96 PrefixMorph 1683 59784 0.0499827 266.244 Stem 4114 30111 0.0314277 1113 SubMorph 463 10039 0.0537655 82.6353 SuffixMorph 636 35224 0.0388857 97.5672
150	1	8018.36	1.09934e+06	36934	13799	36201	1	0.1 StemSuffixMorphs 30316 50000 0.658331 4233.62 PrefixMorph 1483 59667 0.000258357 263.919 Stem 4098 30316 0.0137092 1207.21 SubMorph 443 10080 0.0313028 87.3081 SuffixMorph 594 35401 0.0237673 82.2142
160	1	8376.31	1.09296e+06	37083	13809	36191	1	0.1 StemSuffixMorphs 30450 50000 0.674944 3880.46 PrefixMorph 1462 59515 0.02784 240.014 Stem 4142 30450 0.00680689 1209.08 SubMorph 458 10162 0.00586342 92.8809 SuffixMorph 571 35399 0.00841817 87.309
170	1	8734.49	1.08854e+06	37232	14060	35940	1	0.1 StemSuffixMorphs 30714 50000 0.668792 4026.14 PrefixMorph 1443 59311 0.0403714 226.434 Stem 4063 30714 0.00278147 1206.85 SubMorph 460 10153 0.00257876 94.1255 SuffixMorph 552 35421 0.0274105 75.3904
180	1	9106.57	1.08439e+06	37536	14009	35991	0	0.1 StemSuffixMorphs 30950 50000 0.685284 3904.49 PrefixMorph 1407 59157 0.0213485 232.851 Stem 4162 30950 0.0389107 1172.09 SubMorph 437 10360 0.017561 80.568 SuffixMorph 580 35135 0.0166808 82.5162
190	1	9479.39	1.08489e+06	37748	13960	36040	0	0.1 StemSuffixMorphs 31053 50000 0.678045 4054.36 PrefixMorph 1390 58990 0.0110235 239.896 Stem 4248 31053 0.0378898 1174.12 SubMorph 463 10425 0.0187592 90.3648 SuffixMorph 594 35183 0.0339209 89.7923
200	1	9858.11	1.08167e+06	37624	13986	36014	0	0.1 StemSuffixMorphs 31059 50000 0.68697 3938.69 PrefixMorph 1377 58789 0.0378504 221.38 Stem 4188 31059 0.0193777 1199.37 SubMorph 450 10505 0.003587 86.5853 SuffixMorph 550 35208 0.00379263 96.3627
210	1	10242.1	1.08081e+06	37924	14210	35790	0	0.1 StemSuffixMorphs 31306 50000 0.697181 3702.99 PrefixMorph 1355 58739 0.0151495 239.573 Stem 4234 31306 0.0131341 1239.44 SubMorph 462 10561 0.00516265 91.7598 SuffixMorph 567 35141 0.00853861 91.4547
220	1	10619.9	1.08028e+06	37740	14416	35584	0	0.1 StemSuffixMorphs 31083 50000 0.683483 3837.19 PrefixMorph 1354 58712 0.0209893 222.332 Stem 4262 31083 0.0176254 1228.05 SubMorph 464 10660 0.0213921 82.2012 SuffixMorph 577 34873 0.00816567 90.3511
230	1	10993.1	1.07811e+06	37806	14482	35518	0	0.1 StemSuffixMorphs 31172 50000 0.689459 3649.7 PrefixMorph 1321 58461 0.00047316 228.801 Stem 4267 31172 0.00139572 1258.03 SubMorph 459 10708 0.00253174 107.3 SuffixMorph 587 34858 0.0272342 89.1136
240	1	11388.5	1.074e+06	37722	14825	35175	0	0.1 StemSuffixMorphs 31066 50000 0.69338 3682.81 PrefixMorph 1330 58278 0.0529412 192.116 Stem 4253 31066 0.00295667 1276.81 SubMorph 457 10730 0.0116199 97.1122 SuffixMorph 616 34653 0.0154879 103.213
250	1	11751.5	1.0746e+06	37856	14771	35229	1	0.1 StemSuffixMorphs 31082 50000 0.690153 3757.46 PrefixMorph 1353 58212 0.0354483 211.455 Stem 4327 31082 0.00861456 1289.77 SubMorph 459 10822 0.00118506 96.9614 SuffixMorph 635 34735 0.0466493 98.3447
260	1	12117.5	1.07259e+06	38042	14609	35391	0	0.1 StemSuffixMorphs 31265 50000 0.691161 3707.83 PrefixMorph 1330 58020 0.0326458 213.935 Stem 4364 31265 0.00705767 1270.24 SubMorph 449 10897 0.0285291 78.932 SuffixMorph 634 34654 0.0559549 93.7635
270	1	12485.1	1.07156e+06	38289	14508	35492	1	0.1 StemSuffixMorphs 31582 50000 0.712051 3163.61 PrefixMorph 1335 57815 0.0670195 193.011 Stem 4365 31582 0.00405174 1300.72 SubMorph 441 10935 0.0162755 96.6736 SuffixMorph 566 34908 0.00568262 100.042
280	1	12849.9	1.07258e+06	38206	14631	35369	0	0.1 StemSuffixMorphs 31398 50000 0.699278 3608.7 PrefixMorph 1473 57751 0.0657765 221.545 Stem 4372 31398 0.0132524 1272.82 SubMorph 442 11034 0.00611035 80.0802 SuffixMorph 521 34758 0.0104409 84.9023
290	1	13218	1.07062e+06	38354	14367	35633	0	0.1 StemSuffixMorphs 31705 50000 0.70701 3664.55 PrefixMorph 1342 57666 0.0346449 212.758 Stem 4337 31705 0.00761486 1308.83 SubMorph 447 10927 0.0385447 85.733 SuffixMorph 523 35045 0.0128361 84.1945
300	1	13586.2	1.06548e+06	38457	14641	35359	0	0.1 StemSuffixMorphs 31790 50000 0.695098 4072.21 PrefixMorph 1338 57398 0.0339973 218.883 Stem 4379 31790 0.00193736 1330.64 SubMorph 444 11122 0.00298984 89.9515 SuffixMorph 506 34906 0.00309183 79.9877
310	1	13963.9	1.06053e+06	38443	14712	35288	0	0.1 StemSuffixMorphs 31863 50000 0.702506 3738.54 PrefixMorph 1275 57357 0.0474313 192.908 Stem 4375 31863 0.0189241 1301.89 SubMorph 448 11097 0.0505413 79.6317 SuffixMorph 482 34841 0.00320985 78.563
320	1	14338.2	1.05695e+06	38522	15023	34977	0	0.1 StemSuffixMorphs 31904 50000 0.711128 3466.99 PrefixMorph 1308 57228 0.0690049 184.204 Stem 4410 31904 0.0280207 1218.43 SubMorph 459 11089 0.000637101 93.5345 SuffixMorph 441 34925 0.00728154 69.4853
330	1	14706.6	1.05593e+06	38417	15149	34851	0	0.1 StemSuffixMorphs 31860 50000 0.709486 3627.24 PrefixMorph 1294 56983 0.0815235 162.932 Stem 4361 31860 0.00136152 1337.35 SubMorph 460 11106 0.00477841 87.7958 SuffixMorph 442 34895 0.0135561 71.908
340	1	15075.2	1.05761e+06	38578	15147	34853	0	0.1 StemSuffixMorphs 31923 50000 0.707472 3500.73 PrefixMorph 1279 56972 0.0315359 196.468 Stem 4451 31923 0.00887113 1304.37 SubMorph 464 11240 0.00977593 97.2743 SuffixMorph 461 34894 0.0221181 64.3765
350	1	15445.4	1.05392e+06	38718	15235	34765	1	0.1 StemSuffixMorphs 32103 50000 0.702677 3915.73 PrefixMorph 1288 56745 0.0538942 200.54 Stem 4419 32103 0.00563637 1284.79 SubMorph 449 11307 0.0148406 86.3008 SuffixMorph 459 35046 0.0177814 66.0867
360	1	15820.3	1.04965e+06	38735	15454	34546	0	0.1 StemSuffixMorphs 32154 50000 0.708822 3793.76 PrefixMorph 1239 56624 0.0157288 207.916 Stem 4460 32154 0.0122585 1294.85 SubMorph 457 11315 0.00429614 92.5542 SuffixMorph 425 35062 0.0133277 64.0742
370	1	16203.6	1.04548e+06	38713	15682	34318	0	0.1 StemSuffixMorphs 32190 50000 0.708305 3699.51 PrefixMorph 1186 56468 0.0501718 188.149 Stem 4471 32190 0.00267326 1333.16 SubMorph 447 11407 0.0168197 84.538 SuffixMorph 419 35061 0.0199501 56.9555
380	1	16559.1	1.04546e+06	38657	15711	34289	1	0.1 StemSuffixMorphs 32196 50000 0.709042 3712.42 PrefixMorph 1126 56425 0.0436534 155.011 Stem 4505 32196 0.00244436 1369.05 SubMorph 439 11438 0.039602 75.2451 SuffixMorph 391 35094 0.0377804 49.4372
390	1	16933.9	1.04598e+06	38848	15771	34229	0	0.1 StemSuffixMorphs 32338 50000 0.712924 3910.8 PrefixMorph 1185 56377 0.052243 171.231 Stem 4463 32338 0.0114643 1317.88 SubMorph 433 11452 0.00620211 81.7384 SuffixMorph 429 35147 0.00639769 60.634
400	1	17298.9	1.04564e+06	38771	15944	34056	0	0.1 StemSuffixMorphs 32214 50000 0.707173 3862 PrefixMorph 1174 56324 0.0411302 185.892 Stem 4473 32214 0.00698262 1293.06 SubMorph 453 11454 0.0236311 94.1986 SuffixMorph 457 34986 0.00689089 66.5847
410	1	17663.8	1.04617e+06	38820	15877	34123	0	0.1 StemSuffixMorphs 32311 50000 0.719265 3550.65 PrefixMorph 1128 56281 0.0204499 174.053 Stem 4473 32311 0.00836218 1314.03 SubMorph 436 11448 0.0108591 81.03 SuffixMorph 472 35059 0.01478 68.7135
420	1	18031.1	1.04417e+06	38973	16037	33963	0	0.1 StemSuffixMorphs 32447 50000 0.711712 3754.76 PrefixMorph 1142 56072 0.0564751 172.672 Stem 4491 32447 0.00381241 1328.99 SubMorph 435 11510 0.00177962 89.6831 SuffixMorph 458 35249 0.0144889 72.1067
430	1	18395.1	1.04628e+06	38941	15701	34299	0	0.1 StemSuffixMorphs 32339 50000 0.71659 3734.54 PrefixMorph 1164 56207 0.0172135 197.043 Stem 4553 32339 0.0166297 1308.94 SubMorph 440 11561 0.0034077 79.7222 SuffixMorph 445 35063 0.0114719 64.0228
440	1	18756.7	1.04421e+06	38961	15638	34362	0	0.1 StemSuffixMorphs 32376 50000 0.725814 3081.72 PrefixMorph 1154 56066 0.0205611 192.506 Stem 4520 32376 0.000539204 1337.69 SubMorph 438 11656 0.00270096 89.3681 SuffixMorph 473 34943 0.00945919 75.2358
450	1	19128.7	1.0426e+06	38922	16202	33798	0	0.1 StemSuffixMorphs 32493 50000 0.715779 3692.8 PrefixMorph 1085 56029 0.00804363 190.87 Stem 4482 32493 0.00757798 1339.5 SubMorph 428 11572 0.00454047 84.2684 SuffixMorph 434 35203 0.00966596 63.891
460	1	19498.7	1.04062e+06	38852	16352	33648	0	0.1 StemSuffixMorphs 32359 50000 0.718623 3518.01 PrefixMorph 1064 55960 0.00742017 175.874 Stem 4524 32359 0.00624548 1350.43 SubMorph 440 11598 0.0207459 93.8266 SuffixMorph 465 35090 0.0208714 69.3666
470	1	19858.4	1.04134e+06	38991	16169	33831	1	0.1 StemSuffixMorphs 32474 50000 0.716663 3706.58 PrefixMorph 1102 55835 0.0214414 176.557 Stem 4511 32474 0.00596045 1361.77 SubMorph 440 11587 0.0102723 77.1765 SuffixMorph 464 35227 0.00363562 69.9455
480	1	20225.4	1.04113e+06	38940	16250	33750	0	0.1 StemSuffixMorphs 32392 50000 0.714408 3649.35 PrefixMorph 1116 55779 0.00480622 188.21 Stem 4534 32392 0.00256782 1386.3 SubMorph 423 11663 0.0339778 79.6013 SuffixMorph 475 35153 0.00674308 77.5615
490	1	20587.2	1.04381e+06	39129	15830	34170	0	0.1 StemSuffixMorphs 32485 50000 0.714739 3907.32 PrefixMorph 1100 55768 0.0025865 186.02 Stem 4619 32485 0.0110292 1316.21 SubMorph 446 11755 0.0179549 83.0593 SuffixMorph 479 35142 0.005312 73.0406
500	1	20954.4	1.04136e+06	39156	15975	34025	1	0.1 StemSuffixMorphs 32548 50000 0.713464 3772.64 PrefixMorph 1119 55564 0.00509683 189.501 Stem 4541 32548 0.0111292 1348.22 SubMorph 460 11705 0.0299792 88.8303 SuffixMorph 488 35169 0.00707098 81.7324
