# D = 1, E = 1, I = 1, P = 0, R = -1, n = 500, N = 1, P = 0, w = 1, a = 0.1, b = 1000, e = 1, f = 1, g = 10, h = 0.1, r = 1629240447, s = 1, S = 0, x = 10, m = 0, Z = 1, z = 0, T = 1, t = 1
# 703628 tokens in 50000 sentences
#
# It	Temp	Time	-logP	tables	same	changed	reject	default_pya	(parent pym pyn pya pyb)*
0	1	18.1934	2.60162e+06	469637	0	50000	0	0.1 Prefix 50000 50000 0.1 1000 Suffix 50000 50000 0.1 1000 Stem 50000 50000 0.1 1000 PrefixMorph 113069 113069 0.1 1000 SuffixMorph 102827 102827 0.1 1000 SubMorph 103741 103741 0.1 1000
10	1	1370.49	1.30039e+06	25814	899	49101	0	0.1 Prefix 6802 50000 0.118253 1530.63 Suffix 5641 50000 0.0083188 1520.05 Stem 6796 50000 0.186377 1211.04 PrefixMorph 2724 12041 0.414533 280.851 SuffixMorph 2790 8579 0.413659 430.269 SubMorph 1061 10511 0.00572331 284.208
20	1	1745.4	1.21952e+06	19321	1620	48380	0	0.1 Prefix 5571 50000 0.172287 943.835 Suffix 3810 50000 0.0172653 878.942 Stem 5627 50000 0.161585 959.677 PrefixMorph 1670 9416 0.370631 155.947 SuffixMorph 1916 5481 0.611319 113.073 SubMorph 727 9621 0.00726004 170.286
30	1	2069.62	1.18131e+06	16336	2452	47548	0	0.1 Prefix 5228 50000 0.23551 653.151 Suffix 3005 50000 0.000335993 690.673 Stem 5183 50000 0.161599 881.632 PrefixMorph 1050 8837 0.239614 137.5 SuffixMorph 1223 4381 0.614622 51.6347 SubMorph 647 9261 0.0136036 147.174
40	1	2366.05	1.15955e+06	14889	3032	46968	0	0.1 Prefix 5160 50000 0.291115 536.713 Suffix 2642 50000 0.00843861 551.444 Stem 4932 50000 0.147624 862.917 PrefixMorph 759 8433 0.0409658 167.967 SuffixMorph 809 3792 0.483777 55.1366 SubMorph 587 9149 0.0266424 119.105
50	1	2646.98	1.14765e+06	14296	3257	46743	0	0.1 Prefix 5111 50000 0.327045 440.903 Suffix 2405 50000 0.00703794 511.722 Stem 4858 50000 0.157911 819.607 PrefixMorph 656 8318 0.0614068 136.157 SuffixMorph 695 3520 0.419629 69.0732 SubMorph 571 9155 0.00944348 138.249
60	1	2919.96	1.13302e+06	13604	3768	46232	0	0.1 Prefix 4907 50000 0.317602 410.785 Suffix 2283 50000 0.0336411 417.29 Stem 4737 50000 0.128784 839.948 PrefixMorph 611 7920 0.0189643 141.05 SuffixMorph 510 3353 0.193503 94.0091 SubMorph 556 9157 0.000646299 127.478
70	1	3187.83	1.1232e+06	13637	4153	45847	0	0.1 Prefix 4960 50000 0.352229 364.073 Suffix 2190 50000 0.080207 343.73 Stem 4798 50000 0.169794 780.764 PrefixMorph 602 7873 0.0391339 136.704 SuffixMorph 540 3197 0.334378 59.0625 SubMorph 547 9257 0.0550475 96.4415
80	1	3458.42	1.11589e+06	13573	4687	45313	2	0.1 Prefix 5053 50000 0.356194 349.806 Suffix 2095 50000 0.113729 289.57 Stem 4754 50000 0.164214 745.046 PrefixMorph 614 7909 0.00924622 145.015 SuffixMorph 540 3079 0.31759 78.2348 SubMorph 517 9270 0.00615985 115.494
90	1	3726.26	1.10818e+06	13372	5130	44870	0	0.1 Prefix 5197 50000 0.396051 287.672 Suffix 1948 50000 0.0593911 317.706 Stem 4664 50000 0.147001 794.732 PrefixMorph 599 7960 0.00577788 141.466 SuffixMorph 450 2913 0.145228 97.4417 SubMorph 514 9214 0.0282131 99.9546
100	1	3993.34	1.10296e+06	13318	5408	44592	0	0.1 Prefix 5136 50000 0.397803 294.907 Suffix 2007 50000 0.0858904 293.682 Stem 4647 50000 0.171111 747.474 PrefixMorph 552 7903 0.00647055 133.08 SuffixMorph 464 2936 0.271827 70.8748 SubMorph 512 9204 0.00208946 115.338
110	1	4261.7	1.09855e+06	13371	5765	44235	0	0.1 Prefix 5255 50000 0.401299 289.078 Suffix 1978 50000 0.0979795 272.024 Stem 4637 50000 0.165851 716.88 PrefixMorph 526 7945 0.0262082 115.062 SuffixMorph 452 2910 0.393066 36.9138 SubMorph 523 9234 0.0140402 109.671
120	1	4529.88	1.09728e+06	13440	5722	44278	0	0.1 Prefix 5404 50000 0.413235 289.926 Suffix 1897 50000 0.104353 269.675 Stem 4721 50000 0.161492 724.376 PrefixMorph 523 8046 0.000489124 123.86 SuffixMorph 407 2800 0.27295 56.4523 SubMorph 488 9378 0.0217049 99.5313
130	1	4801.32	1.09379e+06	13218	5909	44091	0	0.1 Prefix 5188 50000 0.411194 271.847 Suffix 1803 50000 0.0620452 294.491 Stem 4781 50000 0.161815 761.057 PrefixMorph 543 7753 0.00897016 122.8 SuffixMorph 419 2697 0.37077 41.5763 SubMorph 484 9560 0.000358204 118.859
140	1	5072.77	1.08762e+06	13248	6312	43688	1	0.1 Prefix 5366 50000 0.431155 236.748 Suffix 1698 50000 0.135869 205.034 Stem 4780 50000 0.147095 832.795 PrefixMorph 509 7761 0.00902282 121.532 SuffixMorph 410 2580 0.318141 49.0575 SubMorph 485 9570 0.0479941 92.5692
150	1	5343.86	1.08705e+06	13179	6458	43542	0	0.1 Prefix 5318 50000 0.434107 258.672 Suffix 1677 50000 0.0761114 242.655 Stem 4736 50000 0.175086 694.505 PrefixMorph 563 7787 0.0642736 94.361 SuffixMorph 389 2595 0.251315 58.1519 SubMorph 496 9522 0.000517236 118.78
160	1	5610.26	1.08476e+06	13083	6614	43386	1	0.1 Prefix 5248 50000 0.442726 234.231 Suffix 1654 50000 0.0861245 227.482 Stem 4761 50000 0.162818 765.444 PrefixMorph 558 7769 0.0436555 113.267 SuffixMorph 377 2512 0.279492 61.1564 SubMorph 485 9571 0.000887891 111.779
170	1	5874.34	1.08247e+06	13088	6755	43245	0	0.1 Prefix 5325 50000 0.435348 238.648 Suffix 1712 50000 0.0960699 241.389 Stem 4762 50000 0.164616 796.506 PrefixMorph 508 7703 0.00999066 114.532 SuffixMorph 295 2576 0.0474162 77.1869 SubMorph 486 9644 0.00930802 103.077
180	1	6135.56	1.07623e+06	12949	7185	42815	2	0.1 Prefix 5244 50000 0.443718 212.223 Suffix 1656 50000 0.127962 206.232 Stem 4769 50000 0.15679 781.73 PrefixMorph 487 7629 0.0202674 107.245 SuffixMorph 300 2515 0.118161 71.6342 SubMorph 493 9670 0.049659 92.8602
190	1	6396.62	1.0732e+06	12939	7461	42539	0	0.1 Prefix 5347 50000 0.469732 180.604 Suffix 1668 50000 0.139276 204.85 Stem 4663 50000 0.140294 810.72 PrefixMorph 507 7805 0.0128187 102.641 SuffixMorph 292 2551 0.0637832 63.3696 SubMorph 462 9577 0.0190925 87.3356
200	1	6656.04	1.07103e+06	12783	7632	42368	1	0.1 Prefix 5094 50000 0.440978 224.655 Suffix 1734 50000 0.12338 221.723 Stem 4722 50000 0.131534 831.547 PrefixMorph 472 7451 0.00340212 103.099 SuffixMorph 292 2589 0.105366 55.526 SubMorph 469 9745 0.00718762 96.7524
210	1	6914.77	1.07022e+06	12597	7714	42286	0	0.1 Prefix 4967 50000 0.43875 208.496 Suffix 1802 50000 0.165731 191.851 Stem 4587 50000 0.11872 831.04 PrefixMorph 485 7398 0.012216 105.875 SuffixMorph 274 2682 0.113859 57.4515 SubMorph 482 9539 0.00376527 100.56
220	1	7171.59	1.06968e+06	12694	7740	42260	1	0.1 Prefix 5071 50000 0.428074 246.91 Suffix 1666 50000 0.153139 177.702 Stem 4744 50000 0.165524 737.764 PrefixMorph 446 7387 0.00350349 99.1234 SuffixMorph 276 2578 0.112206 50.8477 SubMorph 491 9742 0.00984373 107.067
230	1	7427.94	1.0707e+06	12746	7842	42158	1	0.1 Prefix 4920 50000 0.442244 196.894 Suffix 1754 50000 0.122621 219.175 Stem 4752 50000 0.15091 821.378 PrefixMorph 519 7280 0.0256231 121.347 SuffixMorph 307 2626 0.200872 56.1513 SubMorph 494 9811 0.00366341 110.799
240	1	7683.49	1.07372e+06	13144	7938	42062	0	0.1 Prefix 5162 50000 0.446771 199.616 Suffix 1852 50000 0.156661 209.829 Stem 4781 50000 0.118543 927.413 PrefixMorph 558 7443 0.0698656 101.048 SuffixMorph 312 2705 0.281802 35.239 SubMorph 479 9826 0.0120214 103.22
250	1	7941.15	1.07412e+06	13031	7942	42058	1	0.1 Prefix 5200 50000 0.440263 219.51 Suffix 1815 50000 0.177283 191.955 Stem 4715 50000 0.129049 884.554 PrefixMorph 512 7414 0.0157491 114.862 SuffixMorph 313 2622 0.252653 42.0331 SubMorph 476 9774 0.0101997 95.38
260	1	8204.28	1.07586e+06	13281	7797	42203	0	0.1 Prefix 5278 50000 0.43306 244.786 Suffix 1921 50000 0.197789 180.834 Stem 4724 50000 0.151524 743.815 PrefixMorph 549 7503 0.0325185 121.081 SuffixMorph 323 2727 0.175986 54.5798 SubMorph 486 9789 0.00506326 102.58
270	1	8464.77	1.07809e+06	13344	7778	42222	0	0.1 Prefix 5286 50000 0.445298 220.768 Suffix 1926 50000 0.180428 192.535 Stem 4806 50000 0.131835 867.046 PrefixMorph 510 7463 0.00410856 118.982 SuffixMorph 317 2703 0.163343 53.7244 SubMorph 499 9866 0.0260033 95.0579
280	1	8731.9	1.07715e+06	13405	7955	42045	2	0.1 Prefix 5408 50000 0.452619 208.837 Suffix 1912 50000 0.195319 173.841 Stem 4757 50000 0.132851 832.111 PrefixMorph 557 7600 0.0181235 138.621 SuffixMorph 280 2676 0.154104 47.7081 SubMorph 491 9903 0.00107058 97.3802
290	1	8995.53	1.07347e+06	13539	8224	41776	0	0.1 Prefix 5504 50000 0.455999 218.229 Suffix 1803 50000 0.124811 242.542 Stem 4908 50000 0.147585 856.3 PrefixMorph 563 7616 0.0127055 126.342 SuffixMorph 274 2585 0.0829792 57.2369 SubMorph 487 10083 0.00500259 97.2297
300	1	9260.67	1.06732e+06	13082	8585	41415	0	0.1 Prefix 5204 50000 0.468683 167.571 Suffix 1687 50000 0.121842 199.301 Stem 4917 50000 0.155943 796.089 PrefixMorph 535 7375 0.0091248 122.251 SuffixMorph 267 2465 0.0539038 65.5983 SubMorph 472 10161 0.045057 98.4518
310	1	9524.81	1.06225e+06	12964	8929	41071	0	0.1 Prefix 5134 50000 0.474253 168.834 Suffix 1711 50000 0.188734 144.879 Stem 4817 50000 0.137621 863.075 PrefixMorph 538 7229 0.000587481 136.901 SuffixMorph 290 2519 0.149419 50.9988 SubMorph 474 10058 0.00178011 106.308
320	1	9802.55	1.06249e+06	13166	9095	40905	0	0.1 Prefix 5281 50000 0.476413 148.06 Suffix 1733 50000 0.180056 172.406 Stem 4849 50000 0.128621 916.585 PrefixMorph 535 7395 0.00638162 123.41 SuffixMorph 269 2536 0.0195422 70.5218 SubMorph 499 10072 0.0279822 106.381
330	1	10074.6	1.06082e+06	12806	9179	40821	0	0.1 Prefix 4823 50000 0.457251 161.982 Suffix 1726 50000 0.199559 150.982 Stem 4872 50000 0.114649 931.072 PrefixMorph 614 6886 0.017116 134.517 SuffixMorph 292 2527 0.192989 46.1457 SubMorph 479 10171 0.0188675 98.5481
340	1	10344.3	1.05873e+06	12979	9357	40643	2	0.1 Prefix 4972 50000 0.481722 127.969 Suffix 1767 50000 0.224502 132.957 Stem 4874 50000 0.13347 876.14 PrefixMorph 593 7116 0.0372846 132.582 SuffixMorph 288 2570 0.0463782 74.4515 SubMorph 485 10134 0.0274687 95.054
350	1	10611.5	1.05749e+06	12925	9328	40672	0	0.1 Prefix 5018 50000 0.469895 156.236 Suffix 1743 50000 0.192605 160.014 Stem 4850 50000 0.127382 899.299 PrefixMorph 543 7077 0.0440533 114.555 SuffixMorph 276 2557 0.0562952 59.2192 SubMorph 495 10177 0.0171491 102.627
360	1	10876.8	1.05751e+06	12861	9388	40612	0	0.1 Prefix 4934 50000 0.443632 185.987 Suffix 1718 50000 0.188721 159.598 Stem 4852 50000 0.142724 826.334 PrefixMorph 575 7082 0.0588559 132.764 SuffixMorph 300 2546 0.0894304 65.9911 SubMorph 482 10185 0.0126797 100.562
370	1	11132.1	1.05436e+06	12848	9493	40507	0	0.1 Prefix 5065 50000 0.496591 136.594 Suffix 1747 50000 0.159461 204.014 Stem 4824 50000 0.0976228 988.378 PrefixMorph 484 7134 0.0173643 105.371 SuffixMorph 253 2529 0.0515144 64.1485 SubMorph 475 10140 0.00853524 94.1117
380	1	11385.1	1.05566e+06	13013	9582	40418	1	0.1 Prefix 5045 50000 0.47649 152.399 Suffix 1801 50000 0.209075 155.696 Stem 4887 50000 0.138679 877.743 PrefixMorph 506 7117 0.0107448 135.961 SuffixMorph 285 2600 0.0878481 61.0655 SubMorph 489 10176 0.0290493 97.1659
390	1	11638.9	1.05504e+06	13034	9546	40454	0	0.1 Prefix 5112 50000 0.489189 162.115 Suffix 1747 50000 0.226481 137.143 Stem 4873 50000 0.132866 868.462 PrefixMorph 547 7214 0.00936432 134.885 SuffixMorph 281 2515 0.0889026 55.1385 SubMorph 474 10226 0.0324463 82.322
400	1	11889.9	1.05561e+06	13057	9479	40521	1	0.1 Prefix 5088 50000 0.496824 131.07 Suffix 1767 50000 0.182485 169.992 Stem 4892 50000 0.144284 874.96 PrefixMorph 569 7231 0.0223383 119.193 SuffixMorph 258 2530 0.0923494 48.9221 SubMorph 483 10226 0.000298896 106.59
410	1	12143	1.0585e+06	13371	9587	40413	0	0.1 Prefix 5233 50000 0.512172 143.314 Suffix 1940 50000 0.244793 147.48 Stem 4933 50000 0.144683 848.193 PrefixMorph 560 7302 0.00777325 129.323 SuffixMorph 225 2698 0.0337349 57.0663 SubMorph 480 10312 0.00180926 102.56
420	1	12397.2	1.05987e+06	13217	9377	40623	1	0.1 Prefix 5145 50000 0.47823 186.265 Suffix 1896 50000 0.225116 168.351 Stem 4916 50000 0.152496 811.54 PrefixMorph 543 7133 0.00930528 134.826 SuffixMorph 236 2636 0.0310129 60.1366 SubMorph 481 10313 0.0274199 91.0067
430	1	12653.8	1.05673e+06	12934	9568	40432	0	0.1 Prefix 5059 50000 0.481635 140.812 Suffix 1733 50000 0.167391 191.36 Stem 4842 50000 0.115835 898.109 PrefixMorph 543 7058 0.00819985 136.132 SuffixMorph 268 2517 0.132453 47.4296 SubMorph 489 10244 0.00117827 107.194
440	1	12905.9	1.0557e+06	12882	9823	40177	0	0.1 Prefix 4966 50000 0.478193 154.391 Suffix 1781 50000 0.23842 122.216 Stem 4868 50000 0.139096 865.663 PrefixMorph 525 6893 0.0547679 99.1676 SuffixMorph 268 2575 0.00672842 71.51 SubMorph 474 10319 0.00554116 104.394
450	1	13159.7	1.05263e+06	12884	9834	40166	1	0.1 Prefix 5022 50000 0.482904 159.318 Suffix 1780 50000 0.248992 134.652 Stem 4813 50000 0.12771 851.505 PrefixMorph 511 7016 0.0399065 111.451 SuffixMorph 280 2559 0.0411552 72.5083 SubMorph 478 10230 0.00765787 95.2204
460	1	13415	1.0509e+06	12828	9904	40096	1	0.1 Prefix 5007 50000 0.486165 151.836 Suffix 1715 50000 0.232795 127.263 Stem 4832 50000 0.143658 852.653 PrefixMorph 526 7000 0.020702 124.117 SuffixMorph 282 2481 0.203168 39.302 SubMorph 466 10260 0.0164126 98.9762
470	1	13669.1	1.05187e+06	12766	9878	40122	0	0.1 Prefix 4912 50000 0.481695 130.03 Suffix 1643 50000 0.191925 148.328 Stem 4933 50000 0.140119 856.473 PrefixMorph 560 6808 0.0237464 126.766 SuffixMorph 235 2383 0.0120234 58.6711 SubMorph 483 10472 0.00605983 104.881
480	1	13924.1	1.05536e+06	13114	9460	40540	0	0.1 Prefix 5225 50000 0.478252 139.674 Suffix 1681 50000 0.217076 126.535 Stem 4938 50000 0.134963 901.167 PrefixMorph 552 7218 0.00033299 134.204 SuffixMorph 239 2457 0.0906199 46.3401 SubMorph 479 10444 0.00548755 90.5958
490	1	14179.4	1.05276e+06	12922	9789	40211	0	0.1 Prefix 5149 50000 0.484196 145.327 Suffix 1650 50000 0.213126 131.231 Stem 4886 50000 0.139125 841.429 PrefixMorph 529 7063 0.0115381 124.068 SuffixMorph 239 2398 0.101332 51.233 SubMorph 469 10408 0.0039259 93.683
500	1	14432.6	1.05277e+06	12985	9496	40504	0	0.1 Prefix 5133 50000 0.482469 147.362 Suffix 1683 50000 0.211321 139.121 Stem 4882 50000 0.147886 819.039 PrefixMorph 578 7127 0.029859 133.657 SuffixMorph 245 2455 0.0247794 59.7929 SubMorph 464 10356 0.00618289 89.6232
