# D = 1, E = 1, I = 1, P = 0, R = -1, n = 500, N = 1, P = 0, w = 1, a = 0.1, b = 1000, e = 1, f = 1, g = 10, h = 0.1, r = 1629240453, s = 1, S = 0, x = 10, m = 0, Z = 1, z = 0, T = 1, t = 1
# 703628 tokens in 50000 sentences
#
# It	Temp	Time	-logP	tables	same	changed	reject	default_pya	(parent pym pyn pya pyb)*
0	1	18.4091	2.60039e+06	469591	0	50000	0	0.1 Prefix 50000 50000 0.1 1000 Suffix 50000 50000 0.1 1000 Stem 50000 50000 0.1 1000 PrefixMorph 113480 113480 0.1 1000 SuffixMorph 102881 102881 0.1 1000 SubMorph 103230 103230 0.1 1000
10	1	1384.47	1.29756e+06	25606	824	49176	0	0.1 Prefix 6783 50000 0.0405415 1822.23 Suffix 5541 50000 0.00144567 1507.12 Stem 6865 50000 0.194789 1193.48 PrefixMorph 2759 11728 0.401884 311.331 SuffixMorph 2539 8126 0.47866 295.764 SubMorph 1119 10613 0.00443167 318.064
20	1	1748.79	1.22419e+06	19143	1591	48409	0	0.1 Prefix 5521 50000 0.164426 955.738 Suffix 3933 50000 0.00115246 938.494 Stem 5538 50000 0.162916 926.776 PrefixMorph 1770 9573 0.401374 149.154 SuffixMorph 1626 5621 0.549853 95.2113 SubMorph 755 9378 0.00798862 175.523
30	1	2065.51	1.1874e+06	16815	2303	47697	2	0.1 Prefix 5247 50000 0.230397 674.97 Suffix 3304 50000 0.00869153 742.327 Stem 5173 50000 0.17599 863.594 PrefixMorph 1094 8663 0.188259 189.904 SuffixMorph 1341 4735 0.589159 54.041 SubMorph 656 9242 0.00481601 153.688
40	1	2364.03	1.1622e+06	15357	2955	47045	0	0.1 Prefix 5033 50000 0.288174 499.054 Suffix 2897 50000 0.0750025 491.164 Stem 4980 50000 0.181448 775.583 PrefixMorph 811 8367 0.0667113 183.416 SuffixMorph 1047 4123 0.511642 82.597 SubMorph 589 9191 0.000604477 138.693
50	1	2650.04	1.1469e+06	14489	3539	46461	1	0.1 Prefix 4888 50000 0.290907 466.62 Suffix 2594 50000 0.0758717 435.603 Stem 4867 50000 0.199524 697.034 PrefixMorph 765 8092 0.0222364 190.95 SuffixMorph 810 3802 0.421299 86.7384 SubMorph 565 9134 0.00911662 119.875
60	1	2930.59	1.13236e+06	14029	4050	45950	0	0.1 Prefix 4839 50000 0.323055 412.073 Suffix 2309 50000 0.0142298 471.007 Stem 4816 50000 0.185131 726.415 PrefixMorph 774 8004 0.00158906 204.777 SuffixMorph 731 3321 0.410427 65.2055 SubMorph 560 9121 0.0193806 113.249
70	1	3207.83	1.12517e+06	13760	4397	45603	0	0.1 Prefix 4913 50000 0.352538 348.619 Suffix 2311 50000 0.0615261 394.642 Stem 4757 50000 0.153081 790.986 PrefixMorph 743 8091 0.00218576 186.994 SuffixMorph 498 3267 0.293669 62.8133 SubMorph 538 9133 0.020883 114.236
80	1	3480.53	1.11679e+06	13321	4901	45099	0	0.1 Prefix 4576 50000 0.341601 321.065 Suffix 2236 50000 0.0639476 364.556 Stem 4821 50000 0.148826 812.598 PrefixMorph 635 7606 0.0394471 139.584 SuffixMorph 523 3170 0.295539 74.1034 SubMorph 530 9288 0.046064 102.066
90	1	3748.68	1.10965e+06	13065	5273	44727	1	0.1 Prefix 4657 50000 0.347966 329.014 Suffix 2171 50000 0.0966941 339.848 Stem 4647 50000 0.163824 698.33 PrefixMorph 618 7760 0.0123506 147.043 SuffixMorph 456 3012 0.331911 46.8978 SubMorph 516 9072 0.0175129 104.754
100	1	4012.05	1.10444e+06	13123	5730	44270	0	0.1 Prefix 4893 50000 0.37413 314.174 Suffix 2112 50000 0.125672 287.761 Stem 4712 50000 0.168806 760.769 PrefixMorph 572 7885 0.0118371 126.385 SuffixMorph 345 3014 0.0991036 74.3486 SubMorph 489 9262 0.000843556 109.195
110	1	4276.62	1.10311e+06	13032	5836	44164	0	0.1 Prefix 4775 50000 0.387846 257.113 Suffix 2135 50000 0.102103 310.924 Stem 4607 50000 0.14323 763.5 PrefixMorph 604 7774 0.0197215 121.029 SuffixMorph 391 3015 0.211836 52.1453 SubMorph 520 9188 0.0193916 107.435
120	1	4546.52	1.10169e+06	13022	5846	44154	0	0.1 Prefix 4784 50000 0.366012 313.11 Suffix 2075 50000 0.124349 268.868 Stem 4697 50000 0.177824 704.729 PrefixMorph 582 7651 0.027727 126.673 SuffixMorph 394 2968 0.0890159 103.216 SubMorph 490 9295 0.00660472 106.13
130	1	4817.84	1.09793e+06	12952	6070	43930	0	0.1 Prefix 4662 50000 0.392824 253.138 Suffix 1988 50000 0.0831859 283.005 Stem 4872 50000 0.183674 757.819 PrefixMorph 570 7500 0.0174231 130.45 SuffixMorph 373 2802 0.140939 67.581 SubMorph 487 9541 0.00643464 98.9696
140	1	5086.69	1.09493e+06	12803	6284	43716	1	0.1 Prefix 4657 50000 0.384824 256.846 Suffix 1940 50000 0.0999199 287.187 Stem 4734 50000 0.152504 779.792 PrefixMorph 571 7426 0.0225095 133.049 SuffixMorph 395 2824 0.20436 66.0072 SubMorph 506 9507 0.0302609 97.3695
150	1	5360.14	1.09404e+06	12994	6375	43625	1	0.1 Prefix 4835 50000 0.390615 258.306 Suffix 1873 50000 0.0952875 269.932 Stem 4865 50000 0.178748 760.689 PrefixMorph 569 7488 0.0538331 116.927 SuffixMorph 353 2670 0.204294 54.4687 SubMorph 499 9692 0.0188034 102.172
160	1	5631.53	1.08866e+06	12776	6500	43500	0	0.1 Prefix 4852 50000 0.420959 183.751 Suffix 1869 50000 0.0791855 278.229 Stem 4716 50000 0.151407 793.374 PrefixMorph 531 7500 0.0264541 107.938 SuffixMorph 319 2679 0.0904479 66.6541 SubMorph 489 9529 9.23334e-05 96.9173
170	1	5897.63	1.08596e+06	12742	6849	43151	0	0.1 Prefix 4727 50000 0.417323 211.466 Suffix 1869 50000 0.101667 271.31 Stem 4758 50000 0.173955 750.689 PrefixMorph 568 7464 0.033693 120.406 SuffixMorph 319 2697 0.0896697 71.2757 SubMorph 501 9604 0.0230975 97.4158
180	1	6160.45	1.0849e+06	12730	7008	42992	1	0.1 Prefix 4824 50000 0.409464 272.045 Suffix 1768 50000 0.076302 279.125 Stem 4839 50000 0.18385 740.259 PrefixMorph 550 7466 0.00197471 133.231 SuffixMorph 266 2600 0.127035 53.4993 SubMorph 483 9736 0.000218214 98.1427
190	1	6426.44	1.08565e+06	13093	6998	43002	0	0.1 Prefix 4967 50000 0.409187 254.496 Suffix 1855 50000 0.119845 235.806 Stem 4880 50000 0.165028 788.856 PrefixMorph 575 7654 0.0290422 120.799 SuffixMorph 308 2633 0.172835 47.4872 SubMorph 508 9760 0.0117059 109.799
200	1	6691.73	1.08356e+06	12933	7175	42825	0	0.1 Prefix 4801 50000 0.431904 211.204 Suffix 1942 50000 0.187289 197.42 Stem 4885 50000 0.137776 894.686 PrefixMorph 531 7412 0.0419567 117.326 SuffixMorph 283 2705 0.0369493 64.3946 SubMorph 491 9931 0.00570027 101.228
210	1	6954	1.08123e+06	12816	7497	42503	0	0.1 Prefix 4698 50000 0.427782 196.323 Suffix 1918 50000 0.161714 231.46 Stem 4836 50000 0.14716 827.991 PrefixMorph 547 7327 0.0306708 123.389 SuffixMorph 323 2670 0.023578 95.4405 SubMorph 494 9875 0.021605 97.4008
220	1	7217.07	1.07706e+06	12676	7486	42514	0	0.1 Prefix 4711 50000 0.421129 190.024 Suffix 1757 50000 0.153873 212.876 Stem 4835 50000 0.135308 855.698 PrefixMorph 569 7196 0.00550832 131.805 SuffixMorph 316 2564 0.0480922 82.5962 SubMorph 488 9863 0.00354236 104.227
230	1	7480.43	1.07318e+06	12647	7653	42347	0	0.1 Prefix 4627 50000 0.425995 252.599 Suffix 1752 50000 0.117707 230.147 Stem 4937 50000 0.151999 792.577 PrefixMorph 586 6953 0.0348432 124.86 SuffixMorph 234 2543 0.147921 36.5218 SubMorph 511 10104 0.00783418 114.645
240	1	7748.34	1.07044e+06	12554	7755	42245	0	0.1 Prefix 4643 50000 0.422005 206.503 Suffix 1729 50000 0.149134 197.217 Stem 4882 50000 0.15963 821.63 PrefixMorph 589 7003 0.0532069 134.818 SuffixMorph 213 2528 0.0417957 45.3676 SubMorph 498 10077 0.00293302 119.946
250	1	8003.81	1.069e+06	12473	7798	42202	1	0.1 Prefix 4597 50000 0.411728 218.049 Suffix 1715 50000 0.147051 187.696 Stem 4887 50000 0.159251 777.565 PrefixMorph 562 6951 0.0288958 131.787 SuffixMorph 217 2484 0.0969237 42.6283 SubMorph 495 10019 0.00422592 109.135
260	1	8262.35	1.07012e+06	12710	7713	42287	0	0.1 Prefix 4666 50000 0.445414 165.91 Suffix 1744 50000 0.156467 190.409 Stem 5044 50000 0.185016 753.925 PrefixMorph 540 7013 0.0412109 112.334 SuffixMorph 210 2538 0.128624 36.7806 SubMorph 506 10243 0.000806244 109.924
270	1	8523.28	1.069e+06	12441	7465	42535	1	0.1 Prefix 4543 50000 0.416509 213.098 Suffix 1691 50000 0.132729 208.116 Stem 4940 50000 0.16469 814.87 PrefixMorph 515 6815 0.0141938 116.359 SuffixMorph 257 2540 0.148184 41.8166 SubMorph 495 10114 0.0223542 105.633
280	1	8784.42	1.0648e+06	12475	8018	41982	0	0.1 Prefix 4540 50000 0.434292 173.729 Suffix 1711 50000 0.170453 187.566 Stem 4960 50000 0.142431 860.113 PrefixMorph 516 6844 0.048285 115.936 SuffixMorph 263 2539 0.00675232 69.7584 SubMorph 485 10218 0.0119236 92.9626
290	1	9035.29	1.06208e+06	12596	8130	41870	0	0.1 Prefix 4690 50000 0.444365 175.252 Suffix 1712 50000 0.160127 188.84 Stem 4907 50000 0.160992 802.871 PrefixMorph 530 6945 0.0593347 111.871 SuffixMorph 262 2485 0.0254389 64.6407 SubMorph 495 10231 0.0046251 94.7409
300	1	9283.48	1.06333e+06	12558	7936	42064	0	0.1 Prefix 4517 50000 0.429801 182.108 Suffix 1743 50000 0.178837 173.192 Stem 5024 50000 0.162119 835.495 PrefixMorph 550 6862 0.0388509 129.007 SuffixMorph 229 2475 0.0449784 58.768 SubMorph 495 10375 0.0216719 93.1666
310	1	9538.67	1.06474e+06	12819	7964	42036	0	0.1 Prefix 4860 50000 0.424371 220.285 Suffix 1623 50000 0.197836 132.535 Stem 5066 50000 0.180798 799.508 PrefixMorph 553 7145 0.00278674 136.595 SuffixMorph 220 2360 0.0739566 50.5021 SubMorph 497 10484 0.00481472 108.742
320	1	9806.7	1.06811e+06	13042	8078	41922	0	0.1 Prefix 4964 50000 0.451598 159.366 Suffix 1733 50000 0.159483 179.147 Stem 5059 50000 0.148646 878.031 PrefixMorph 540 7334 0.00160824 133.961 SuffixMorph 262 2489 0.104744 61.2673 SubMorph 484 10387 0.0201869 100.5
330	1	10072.5	1.06916e+06	12968	7893	42107	1	0.1 Prefix 4902 50000 0.45945 183.434 Suffix 1735 50000 0.201747 155.78 Stem 5034 50000 0.137719 911.55 PrefixMorph 543 7097 0.0544496 113.267 SuffixMorph 266 2478 0.110192 46.4121 SubMorph 488 10416 0.00142699 110.362
340	1	10339.2	1.07189e+06	13214	7720	42280	1	0.1 Prefix 5110 50000 0.475305 174.739 Suffix 1802 50000 0.208564 150.29 Stem 4988 50000 0.140082 899.654 PrefixMorph 548 7330 0.00811208 131.202 SuffixMorph 293 2546 0.158397 47.8439 SubMorph 473 10440 0.0123785 90.2755
350	1	10604.6	1.07393e+06	13023	7697	42303	1	0.1 Prefix 4901 50000 0.440672 234.648 Suffix 1730 50000 0.160392 186.541 Stem 5094 50000 0.129668 935.256 PrefixMorph 550 7072 0.0112467 140.699 SuffixMorph 264 2520 0.104296 49.8175 SubMorph 484 10583 0.0337901 85.8663
360	1	10865.9	1.07092e+06	12928	7488	42512	0	0.1 Prefix 4694 50000 0.445257 192.577 Suffix 1809 50000 0.202551 170.863 Stem 5088 50000 0.166397 840.555 PrefixMorph 577 6935 0.0101262 152.399 SuffixMorph 294 2581 0.10475 64.1352 SubMorph 466 10593 0.00614476 107.317
370	1	11131.2	1.06967e+06	12834	7603	42397	0	0.1 Prefix 4680 50000 0.440178 187.303 Suffix 1851 50000 0.222784 157.782 Stem 4978 50000 0.147287 850.952 PrefixMorph 587 6878 0.0107655 138.325 SuffixMorph 261 2592 0.0413236 61.4932 SubMorph 477 10430 0.0137681 91.6426
380	1	11398.7	1.069e+06	12980	7782	42218	1	0.1 Prefix 4836 50000 0.449778 159.651 Suffix 1785 50000 0.208446 159.093 Stem 5042 50000 0.160677 837.552 PrefixMorph 580 7005 0.0281071 136.73 SuffixMorph 268 2541 0.105179 61.0902 SubMorph 469 10609 0.00376951 88.8782
390	1	11658.3	1.07299e+06	13050	7602	42398	1	0.1 Prefix 4783 50000 0.45903 167.95 Suffix 1868 50000 0.207523 150.17 Stem 5095 50000 0.173948 820.244 PrefixMorph 566 6918 0.0106034 134.89 SuffixMorph 258 2622 0.00101685 68.4247 SubMorph 480 10590 0.0104039 97.6069
400	1	11920.3	1.07366e+06	13212	7095	42905	1	0.1 Prefix 4968 50000 0.444001 206.416 Suffix 1949 50000 0.202701 190.03 Stem 4998 50000 0.152723 875.639 PrefixMorph 540 7157 0.0276965 111.908 SuffixMorph 266 2683 0.1537 39.7288 SubMorph 491 10469 0.00166931 102.752
410	1	12177.7	1.07338e+06	12852	7257	42743	0	0.1 Prefix 4903 50000 0.46843 151.577 Suffix 1747 50000 0.15424 204.751 Stem 4920 50000 0.114826 967.055 PrefixMorph 559 7105 0.010075 139.582 SuffixMorph 251 2532 0.0785993 60.07 SubMorph 472 10458 0.00155093 96.0221
420	1	12443.7	1.07116e+06	12972	7481	42519	2	0.1 Prefix 4860 50000 0.443282 172.236 Suffix 1838 50000 0.196471 164.315 Stem 5052 50000 0.138485 889.55 PrefixMorph 538 6956 0.00952526 146.275 SuffixMorph 200 2557 0.0691274 49.2886 SubMorph 484 10593 0.0278368 96.9278
430	1	12720.6	1.0708e+06	12988	7567	42433	0	0.1 Prefix 5026 50000 0.483779 130.311 Suffix 1720 50000 0.149714 191.244 Stem 5027 50000 0.15043 858.612 PrefixMorph 487 7189 0.0284767 95.7613 SuffixMorph 235 2397 0.0433284 53.8877 SubMorph 493 10575 0.0251354 88.0765
440	1	12996	1.06696e+06	12763	7867	42133	0	0.1 Prefix 4848 50000 0.462321 155.575 Suffix 1697 50000 0.149097 205.359 Stem 4993 50000 0.117393 977.446 PrefixMorph 522 7125 0.0570983 102.395 SuffixMorph 245 2417 0.0751999 53.7154 SubMorph 458 10492 0.00205371 97.499
450	1	13261.9	1.06295e+06	12889	8297	41703	0	0.1 Prefix 4787 50000 0.443054 182.599 Suffix 1813 50000 0.216062 146.098 Stem 5012 50000 0.138859 901.19 PrefixMorph 542 6825 0.0150111 124.117 SuffixMorph 268 2538 0.0336727 63.3928 SubMorph 467 10640 0.00372227 103.901
460	1	13523.6	1.06188e+06	13055	8530	41470	1	0.1 Prefix 4871 50000 0.475757 156.473 Suffix 1838 50000 0.231079 142.888 Stem 5031 50000 0.171304 807.784 PrefixMorph 540 6969 0.00439959 138.087 SuffixMorph 279 2555 0.0257337 75.1418 SubMorph 496 10636 0.0223747 88.9865
470	1	13783.8	1.06486e+06	12988	8379	41621	0	0.1 Prefix 4875 50000 0.469531 157.637 Suffix 1767 50000 0.164884 192.431 Stem 4997 50000 0.121179 945.534 PrefixMorph 559 6995 0.0274885 128.989 SuffixMorph 288 2473 0.117 63.3945 SubMorph 502 10481 0.0150365 102.364
480	1	14041.4	1.06526e+06	12885	8255	41745	1	0.1 Prefix 4888 50000 0.472822 159.784 Suffix 1708 50000 0.179679 169.468 Stem 5002 50000 0.129042 914.701 PrefixMorph 562 7009 0.0567661 112.78 SuffixMorph 237 2387 0.0725446 58.2265 SubMorph 488 10579 0.0171871 94.3445
490	1	14296.3	1.06601e+06	12659	8226	41774	0	0.1 Prefix 4698 50000 0.434254 198.02 Suffix 1662 50000 0.16343 162.734 Stem 5031 50000 0.111075 979.613 PrefixMorph 524 6819 0.00410441 132.473 SuffixMorph 267 2350 0.0872624 59.7767 SubMorph 477 10663 0.00596417 102.028
500	1	14554.8	1.0641e+06	12812	8323	41677	1	0.1 Prefix 4948 50000 0.458972 190.805 Suffix 1681 50000 0.155131 186.147 Stem 4971 50000 0.143849 910.253 PrefixMorph 545 7004 0.0205486 131.06 SuffixMorph 192 2371 0.0844028 32.4827 SubMorph 475 10583 0.0248789 101.87
