# D = 1, E = 1, I = 1, P = 0, R = -1, n = 500, N = 1, P = 0, w = 1, a = 0.1, b = 1000, e = 1, f = 1, g = 10, h = 0.1, r = 1629240467, s = 1, S = 0, x = 10, m = 0, Z = 1, z = 0, T = 1, t = 1
# 703628 tokens in 50000 sentences
#
# It	Temp	Time	-logP	tables	same	changed	reject	default_pya	(parent pym pyn pya pyb)*
0	1	18.6972	2.60039e+06	469367	0	50000	0	0.1 Prefix 50000 50000 0.1 1000 Suffix 50000 50000 0.1 1000 Stem 50000 50000 0.1 1000 PrefixMorph 113513 113513 0.1 1000 SuffixMorph 102833 102833 0.1 1000 SubMorph 103021 103021 0.1 1000
10	1	1415.03	1.3016e+06	26189	749	49251	1	0.1 Prefix 6977 50000 0.0954491 1724.83 Suffix 5625 50000 0.00165361 1552.49 Stem 6756 50000 0.166483 1282.11 PrefixMorph 2813 12096 0.478424 226.08 SuffixMorph 2950 8396 0.491025 374.399 SubMorph 1068 10450 0.00710318 267.593
20	1	1798.06	1.22275e+06	19517	1557	48443	0	0.1 Prefix 5616 50000 0.199876 853.539 Suffix 3737 50000 0.000729782 903.764 Stem 5572 50000 0.142349 1022.31 PrefixMorph 1812 9612 0.40868 154.317 SuffixMorph 2007 5529 0.618972 100.419 SubMorph 773 9521 0.00345837 197.586
30	1	2132.5	1.18437e+06	16399	2233	47767	0	0.1 Prefix 5067 50000 0.254492 568.917 Suffix 3001 50000 0.000851359 672.655 Stem 5203 50000 0.175542 817.047 PrefixMorph 1187 8444 0.226735 174.123 SuffixMorph 1293 4478 0.574645 86.1198 SubMorph 648 9396 0.000259922 161.187
40	1	2431.3	1.15981e+06	14960	2814	47186	0	0.1 Prefix 4875 50000 0.283389 461.143 Suffix 2563 50000 0.00494707 539.472 Stem 4989 50000 0.141299 871.246 PrefixMorph 894 7945 0.104371 193.69 SuffixMorph 1023 3883 0.491106 76.2981 SubMorph 616 9327 0.00853633 150.258
50	1	2716.98	1.14363e+06	14349	3358	46642	0	0.1 Prefix 4998 50000 0.337492 403.942 Suffix 2291 50000 0.0170698 465.772 Stem 4995 50000 0.160503 816.053 PrefixMorph 735 8010 0.0176277 180.221 SuffixMorph 754 3413 0.430979 87.5203 SubMorph 576 9418 0.00751705 122.658
60	1	2998.12	1.13229e+06	14143	3848	46152	0	0.1 Prefix 5101 50000 0.352343 346.652 Suffix 2095 50000 0.0165918 404.484 Stem 5010 50000 0.150676 879.201 PrefixMorph 691 7984 0.0521485 163.52 SuffixMorph 693 3192 0.485255 47.642 SubMorph 553 9563 0.0123006 126.6
70	1	3275.86	1.1237e+06	13731	4244	45756	0	0.1 Prefix 4972 50000 0.359856 315.876 Suffix 1947 50000 0.0119057 376.577 Stem 4997 50000 0.154306 898.604 PrefixMorph 654 7668 0.0197681 150.545 SuffixMorph 617 3038 0.404693 58.503 SubMorph 544 9658 0.0140444 111.03
80	1	3551.14	1.1157e+06	13783	4577	45423	0	0.1 Prefix 5023 50000 0.392754 257.05 Suffix 1946 50000 0.0454127 337.761 Stem 4924 50000 0.15131 862.301 PrefixMorph 701 7765 0.0709973 150.51 SuffixMorph 667 3001 0.574159 28.4056 SubMorph 522 9675 0.0021265 107.307
90	1	3824.82	1.1091e+06	13299	4911	45089	0	0.1 Prefix 4797 50000 0.375444 315.619 Suffix 1902 50000 0.0343426 340.161 Stem 4937 50000 0.168646 803.319 PrefixMorph 612 7460 0.0199915 141.013 SuffixMorph 530 2940 0.459148 26.3318 SubMorph 521 9681 0.00178484 120.722
100	1	4092.19	1.10179e+06	13123	5388	44612	0	0.1 Prefix 4965 50000 0.393962 278.394 Suffix 1792 50000 0.0581008 295.685 Stem 4846 50000 0.154653 819.516 PrefixMorph 597 7601 0.0202124 131.834 SuffixMorph 394 2758 0.381933 35.6789 SubMorph 529 9686 0.000624867 113.551
110	1	4360.97	1.09815e+06	13217	5708	44292	0	0.1 Prefix 4946 50000 0.422546 222.296 Suffix 1806 50000 0.0609721 285.293 Stem 4946 50000 0.166223 825.999 PrefixMorph 655 7594 0.000604241 163.779 SuffixMorph 360 2798 0.292009 41.5442 SubMorph 504 9766 0.00421139 96.0853
120	1	4633.88	1.09179e+06	13088	5911	44089	0	0.1 Prefix 4909 50000 0.43759 182.371 Suffix 1713 50000 0.0544169 292.971 Stem 4961 50000 0.163219 827.291 PrefixMorph 680 7524 0.0423588 162.947 SuffixMorph 353 2695 0.322888 33.2428 SubMorph 472 9840 0.024317 83.4504
130	1	4905.8	1.08536e+06	12652	6254	43746	0	0.1 Prefix 4677 50000 0.389131 279.011 Suffix 1606 50000 0.0378656 285.206 Stem 4940 50000 0.162126 810.673 PrefixMorph 625 7246 0.0212263 155.913 SuffixMorph 313 2475 0.333181 22.2776 SubMorph 491 9888 0.000541295 111.973
140	1	5173.58	1.08406e+06	12671	6451	43549	0	0.1 Prefix 4718 50000 0.411054 200.373 Suffix 1603 50000 0.0477227 263.228 Stem 4889 50000 0.163156 784.526 PrefixMorph 683 7306 0.0913509 146.234 SuffixMorph 280 2513 0.237324 42.9331 SubMorph 498 9819 0.0030026 105.393
150	1	5439.01	1.0791e+06	12624	6568	43432	0	0.1 Prefix 4726 50000 0.426324 207.45 Suffix 1556 50000 0.0709944 229.229 Stem 4910 50000 0.175286 794.037 PrefixMorph 637 7294 0.0112168 161.228 SuffixMorph 307 2404 0.205171 39.2326 SubMorph 488 9945 0.00470644 111.737
160	1	5703.88	1.07886e+06	12626	6777	43223	0	0.1 Prefix 4692 50000 0.427925 217.328 Suffix 1623 50000 0.131871 184.755 Stem 4853 50000 0.148145 815.8 PrefixMorph 683 7372 0.00467898 181.494 SuffixMorph 272 2448 0.209966 39.7498 SubMorph 503 9885 0.0111537 105.414
170	1	5963.3	1.07512e+06	12407	7190	42810	1	0.1 Prefix 4623 50000 0.420729 191.93 Suffix 1605 50000 0.111798 206.015 Stem 4791 50000 0.148907 795.855 PrefixMorph 614 7250 0.0020995 149.15 SuffixMorph 279 2479 0.201082 41.0695 SubMorph 495 9836 0.00975587 102.598
180	1	6224.21	1.07074e+06	12336	7246	42754	0	0.1 Prefix 4634 50000 0.430815 176.682 Suffix 1577 50000 0.0772652 229.072 Stem 4754 50000 0.170367 769.494 PrefixMorph 635 7190 0.069013 137.109 SuffixMorph 277 2399 0.295163 30.9515 SubMorph 459 9835 0.00204638 95.191
190	1	6485.8	1.07515e+06	12797	7123	42877	0	0.1 Prefix 4806 50000 0.417525 229.116 Suffix 1599 50000 0.111893 199.615 Stem 4947 50000 0.176383 765.502 PrefixMorph 661 7232 0.0149588 162.221 SuffixMorph 268 2497 0.307965 21.7093 SubMorph 516 10092 0.00710641 103.188
200	1	6746.4	1.07168e+06	12616	7352	42648	0	0.1 Prefix 4809 50000 0.445431 174.589 Suffix 1562 50000 0.105206 200.313 Stem 4908 50000 0.162797 765.595 PrefixMorph 602 7304 0.0178056 143.225 SuffixMorph 235 2459 0.00707449 56.0034 SubMorph 500 10072 0.0133025 94.4631
210	1	7003.97	1.07011e+06	12731	7579	42421	0	0.1 Prefix 4740 50000 0.440538 202.482 Suffix 1620 50000 0.174393 162.109 Stem 5007 50000 0.175486 784.387 PrefixMorph 562 7220 0.00110988 146.077 SuffixMorph 304 2463 0.28905 34.0188 SubMorph 498 10156 0.0208879 101.432
220	1	7263.92	1.07124e+06	12878	7311	42689	0	0.1 Prefix 4870 50000 0.45636 175.677 Suffix 1518 50000 0.0795487 231.521 Stem 5075 50000 0.195759 748.516 PrefixMorph 623 7167 0.00122568 164.7 SuffixMorph 283 2388 0.195728 40.6556 SubMorph 509 10258 0.0333843 100.94
230	1	7524.61	1.067e+06	12619	7713	42287	0	0.1 Prefix 4766 50000 0.439419 176.489 Suffix 1521 50000 0.118294 190.301 Stem 5007 50000 0.169769 793.234 PrefixMorph 542 6977 0.00892766 117.808 SuffixMorph 284 2393 0.115584 49.6497 SubMorph 499 10310 0.0119899 103.613
240	1	7790.3	1.06746e+06	12877	7835	42165	0	0.1 Prefix 4909 50000 0.447379 175.002 Suffix 1593 50000 0.147878 179.657 Stem 5030 50000 0.137611 927.664 PrefixMorph 544 7074 0.00259946 135.097 SuffixMorph 304 2422 0.285586 38.5732 SubMorph 497 10336 0.0146333 97.3651
250	1	8056.49	1.06876e+06	12686	7832	42168	0	0.1 Prefix 4778 50000 0.417789 211.01 Suffix 1537 50000 0.116445 199.169 Stem 4949 50000 0.165837 771.113 PrefixMorph 591 6892 0.0125206 125.439 SuffixMorph 316 2381 0.283696 43.0503 SubMorph 515 10248 0.0019409 121.349
260	1	8321.81	1.06498e+06	12981	8181	41819	0	0.1 Prefix 5011 50000 0.45848 187.49 Suffix 1535 50000 0.143129 174.173 Stem 5088 50000 0.153264 888.359 PrefixMorph 575 7085 0.0213758 143.513 SuffixMorph 261 2379 0.107755 55.8578 SubMorph 511 10358 0.0155566 101.054
270	1	8586.75	1.06241e+06	12798	8110	41890	1	0.1 Prefix 4931 50000 0.455713 192.231 Suffix 1499 50000 0.0958632 216.991 Stem 5034 50000 0.145141 895.018 PrefixMorph 562 7119 0.0263498 134.861 SuffixMorph 281 2328 0.210231 45.7486 SubMorph 491 10289 0.00266974 105.029
280	1	8850.85	1.06326e+06	12738	8221	41779	0	0.1 Prefix 4827 50000 0.443959 187.498 Suffix 1525 50000 0.135195 178.073 Stem 5064 50000 0.163285 827.218 PrefixMorph 561 7002 0.0120697 130.34 SuffixMorph 253 2314 0.120749 49.8092 SubMorph 508 10374 0.006363 105.904
290	1	9114.88	1.0633e+06	12603	8109	41891	0	0.1 Prefix 4752 50000 0.460392 182.649 Suffix 1485 50000 0.0910084 202.778 Stem 4972 50000 0.138143 919.983 PrefixMorph 596 6949 0.0182973 148.01 SuffixMorph 287 2276 0.0945143 58.0226 SubMorph 511 10297 0.000519566 102.977
300	1	9381.82	1.06297e+06	12960	8805	41195	0	0.1 Prefix 4905 50000 0.473283 136.664 Suffix 1557 50000 0.131937 185.426 Stem 5053 50000 0.150029 874.563 PrefixMorph 650 7005 0.00202463 171.802 SuffixMorph 288 2332 0.0572828 81.9936 SubMorph 507 10395 0.00431433 104.56
310	1	9650.77	1.06216e+06	12963	8802	41198	1	0.1 Prefix 4908 50000 0.471719 147.878 Suffix 1610 50000 0.143923 177.703 Stem 5038 50000 0.177981 748.834 PrefixMorph 559 7043 0.00144933 137.352 SuffixMorph 339 2383 0.0592982 86.4114 SubMorph 509 10365 0.0233141 105.364
320	1	9917.5	1.06165e+06	13010	8339	41661	0	0.1 Prefix 5000 50000 0.47554 152.192 Suffix 1602 50000 0.146812 175.778 Stem 5036 50000 0.163815 834.637 PrefixMorph 545 7092 0.00984763 119.628 SuffixMorph 310 2392 0.145832 62.7918 SubMorph 517 10418 0.0127629 109.264
330	1	10182.8	1.05829e+06	12963	8833	41167	0	0.1 Prefix 4991 50000 0.473732 162.368 Suffix 1536 50000 0.151237 177.982 Stem 4990 50000 0.139278 911.797 PrefixMorph 601 7065 0.0162246 156.671 SuffixMorph 351 2320 0.171776 68.7206 SubMorph 494 10355 0.00604577 113.586
340	1	10450.8	1.06091e+06	13167	8491	41509	0	0.1 Prefix 4987 50000 0.469083 170.989 Suffix 1630 50000 0.160456 164.317 Stem 5116 50000 0.149374 875.226 PrefixMorph 519 6998 0.00638286 128.767 SuffixMorph 424 2437 0.350464 45.6172 SubMorph 491 10592 0.02351 96.8773
350	1	10723.9	1.06399e+06	13011	8093	41907	1	0.1 Prefix 5077 50000 0.459395 168.984 Suffix 1594 50000 0.168371 151.781 Stem 5040 50000 0.136124 932.344 PrefixMorph 544 7055 0.00787954 124.514 SuffixMorph 275 2397 0.0692925 69.6123 SubMorph 481 10484 0.0022708 102.669
360	1	10995.7	1.06486e+06	13202	8035	41965	0	0.1 Prefix 5229 50000 0.484982 137.169 Suffix 1598 50000 0.188449 136.397 Stem 5065 50000 0.135993 892.474 PrefixMorph 511 7121 0.00734136 113.74 SuffixMorph 308 2397 0.142703 61.2424 SubMorph 491 10542 0.0120367 99.8578
370	1	11260.8	1.06271e+06	12901	8213	41787	1	0.1 Prefix 4981 50000 0.468789 135.162 Suffix 1589 50000 0.200943 134.347 Stem 5007 50000 0.122 915.74 PrefixMorph 522 6975 0.000281585 138.465 SuffixMorph 325 2359 0.102898 68.4193 SubMorph 477 10462 0.00455665 92.4388
380	1	11526.6	1.05938e+06	12825	8482	41518	0	0.1 Prefix 4842 50000 0.459547 139.54 Suffix 1546 50000 0.185785 138.274 Stem 5092 50000 0.133288 923.799 PrefixMorph 524 6794 0.0359435 117.383 SuffixMorph 315 2356 0.125536 71.9087 SubMorph 506 10549 0.0108254 103.785
390	1	11795.7	1.05742e+06	12949	8745	41255	1	0.1 Prefix 5003 50000 0.478813 153.293 Suffix 1505 50000 0.169023 148.924 Stem 5140 50000 0.144922 903.904 PrefixMorph 492 6957 0.0104841 106.905 SuffixMorph 310 2302 0.212248 46.8308 SubMorph 499 10638 0.00208083 103.544
400	1	12060.7	1.05746e+06	12996	8872	41128	0	0.1 Prefix 4977 50000 0.483441 145.199 Suffix 1503 50000 0.157774 148.224 Stem 5150 50000 0.142398 935.444 PrefixMorph 532 6981 0.000792755 123.854 SuffixMorph 336 2283 0.025746 104.125 SubMorph 498 10731 0.0237478 95.7279
410	1	12324.7	1.05791e+06	12855	8622	41378	0	0.1 Prefix 4922 50000 0.457202 155.035 Suffix 1493 50000 0.173983 145.819 Stem 5051 50000 0.131803 938.484 PrefixMorph 583 6955 0.0114549 145.424 SuffixMorph 320 2278 0.264942 47.5355 SubMorph 486 10622 0.0131305 93.1006
420	1	12584.9	1.05829e+06	12883	8852	41148	0	0.1 Prefix 4911 50000 0.478323 151.271 Suffix 1542 50000 0.162946 153.654 Stem 5019 50000 0.132451 890.263 PrefixMorph 583 6975 0.037841 127.666 SuffixMorph 363 2302 0.291546 47.1963 SubMorph 465 10610 0.0114463 99.4262
430	1	12844.2	1.05762e+06	13048	8827	41173	0	0.1 Prefix 4935 50000 0.486005 136.233 Suffix 1572 50000 0.185331 154.851 Stem 5126 50000 0.149036 900.774 PrefixMorph 545 7013 0.00982361 127.137 SuffixMorph 373 2309 0.237407 60.1695 SubMorph 497 10704 0.0120562 95.1877
440	1	13101.6	1.05427e+06	12792	9122	40878	0	0.1 Prefix 4778 50000 0.461659 136.086 Suffix 1555 50000 0.1787 146.443 Stem 5109 50000 0.159899 860.898 PrefixMorph 545 6765 0.0108301 150.466 SuffixMorph 310 2302 0.176496 55.9248 SubMorph 495 10724 0.0534693 89.6499
450	1	13360.5	1.05656e+06	12969	8924	41076	0	0.1 Prefix 5058 50000 0.475939 145.109 Suffix 1521 50000 0.177746 134.488 Stem 5081 50000 0.120781 972.301 PrefixMorph 512 7077 0.0263169 110.031 SuffixMorph 308 2257 0.130204 61.0256 SubMorph 489 10625 0.0188642 93.3015
460	1	13623.5	1.05499e+06	12927	9015	40985	1	0.1 Prefix 4956 50000 0.475303 152.526 Suffix 1506 50000 0.189136 145.377 Stem 5118 50000 0.159216 867.745 PrefixMorph 568 6832 0.0328455 128.574 SuffixMorph 292 2267 0.152717 47.7259 SubMorph 487 10708 0.0331412 93.0368
470	1	13888.6	1.05443e+06	12805	9119	40881	0	0.1 Prefix 5028 50000 0.479713 150.112 Suffix 1478 50000 0.187261 137.369 Stem 5032 50000 0.121297 938.363 PrefixMorph 540 6838 0.0681392 111.194 SuffixMorph 240 2215 0.125522 51.1678 SubMorph 487 10638 0.036229 100.54
480	1	14153.1	1.05156e+06	12518	9078	40922	1	0.1 Prefix 4905 50000 0.471733 166.516 Suffix 1360 50000 0.137896 150.71 Stem 5000 50000 0.141219 868.393 PrefixMorph 530 6755 0.00824682 131.101 SuffixMorph 229 2125 0.0329093 65.1648 SubMorph 494 10610 0.0133169 107.575
490	1	14413	1.04881e+06	12782	9391	40609	0	0.1 Prefix 4975 50000 0.47145 177.797 Suffix 1390 50000 0.18077 127.712 Stem 5128 50000 0.170441 821.631 PrefixMorph 539 6851 0.0197699 119.612 SuffixMorph 255 2147 0.197402 42.0693 SubMorph 495 10770 0.0068479 97.5097
500	1	14675.8	1.05336e+06	13173	9294	40706	0	0.1 Prefix 5172 50000 0.47335 159.977 Suffix 1540 50000 0.210149 123.639 Stem 5153 50000 0.133333 961.307 PrefixMorph 534 6974 0.0051635 127.259 SuffixMorph 275 2318 0.194035 41.7347 SubMorph 499 10774 0.000640735 97.8362
